1, 0.142857, 0
2, 0.142857, 0
3, 0.142857, 0
4, 0.142857, 0
5, 0.142857, 0
6, 0.142857, 0
7, 0.142857, 0
8, 0.142857, 0
9, 0.142857, 0
10, 0.142857, 0
11, 0.142857, 0
12, 0.142857, 0
13, 0.142857, 0
14, 0.142857, 0
15, 0.142857, 0
16, 0.142857, 0
17, 0.142857, 0
18, 0.142857, 0
19, 0.142857, 0
20, 0.142857, 0
21, 0.142857, 0
22, 0.142857, 0
23, 0.142857, 0
24, 0.142857, 0
25, 0.142857, 0
26, 0.142857, 0
27, 0.142857, 0
28, 0.142857, 0
29, 0.142857, 0
30, 0.142857, 0
31, 0.142857, 0
32, 0.142857, 0
33, 0.142857, 0
34, 0.142857, 0
35, 0.142857, 0
36, 0.142857, 0
37, 0.142857, 0
38, 0.142857, 0
39, 0.142857, 0
40, 0.142857, 0
41, 0.142857, 0
42, 0.142857, 0
43, 0.142857, 0
44, 0.142857, 0
45, 0.142857, 0
46, 0.142857, 0
47, 0.142857, 0
48, 0.142857, 0
49, 0.142857, 0
50, 0.142857, 0
51, 0.142857, 0
52, 0.142857, 0
53, 0.142857, 0
54, 0.142857, 0
55, 0.142857, 0
56, 0.142857, 0
57, 0.142857, 0
58, 0.142857, 0
59, 0.142857, 0
60, 0.142857, 0
61, 0.142857, 0
62, 0.142857, 0
63, 0.142857, 0
64, 0.142857, 0
65, 0.142857, 0
66, 0.142857, 0
67, 0.142857, 0
68, 0.142857, 0
69, 0.142857, 0
70, 0.142857, 0
71, 0.142857, 0
72, 0.142857, 0
73, 0.142857, 0
74, 0.142857, 0
75, 0.142857, 0
76, 0.142857, 0
77, 0.142857, 0
78, 0.142857, 0
79, 0.142857, 0
80, 0.142857, 0
81, 0.142857, 0
82, 0.142857, 0
83, 0.142857, 0
84, 0.142857, 0
85, 0.142857, 0
86, 0.142857, 0
87, 0.142857, 0
88, 0.142857, 0
89, 0.142857, 0
90, 0.142857, 0
91, 0.142857, 0
92, 0.142857, 0
93, 0.142857, 0
94, 0.142857, 0
95, 0.142857, 0
96, 0.142857, 0
97, 0.142857, 0
98, 0.142857, 0
99, 0.142857, 0
100, 0.142857, 0
101, 0.142857, 0
102, 0.142857, 0
103, 0.142857, 0
104, 0.142857, 0
105, 0.142857, 0
106, 0.142857, 0
107, 0.142857, 0
108, 0.142857, 0
109, 0.142857, 0
110, 0.142857, 0
111, 0.142857, 0
112, 0.142857, 0
113, 0.142857, 0
114, 0.142857, 0
115, 0.142857, 0
116, 0.142857, 0
117, 0.142857, 0
118, 0.142857, 0
119, 0.142857, 0
120, 0.142857, 0
121, 0.142857, 0
122, 0.142857, 0
123, 0.142857, 0
124, 0.142857, 0
125, 0.142857, 0
126, 0.142857, 0
127, 0.142857, 0
128, 0.142857, 0
129, 0.142857, 0
130, 0.142857, 0
131, 0.142857, 0
132, 0.142857, 0
133, 0.142857, 0
134, 0.142857, 0
135, 0.142857, 0
136, 0.142857, 0
137, 0.142857, 0
138, 0.142857, 0
139, 0.142857, 0
140, 0.142857, 0
141, 0.142857, 0
142, 0.142857, 0
143, 0.142857, 0
144, 0.142857, 0
145, 0.142857, 0
146, 0.142857, 0
147, 0.142857, 0
148, 0.142857, 0
149, 0.142857, 0
150, 0.142857, 0
151, 0.142857, 0
152, 0.142857, 0
153, 0.142857, 0
154, 0.142857, 0
155, 0.142857, 0
156, 0.142857, 0
157, 0.142857, 0
158, 0.142857, 0
159, 0.142857, 0
160, 0.142857, 0
161, 0.142857, 0
162, 0.142857, 0
163, 0.142857, 0
164, 0.142857, 0
165, 0.142857, 0
166, 0.142857, 0
167, 0.142857, 0
168, 0.142857, 0
169, 0.142857, 0
170, 0.142857, 0
171, 0.142857, 0
172, 0.142857, 0
173, 0.142857, 0
174, 0.142857, 0
175, 0.142857, 0
176, 0.142857, 0
177, 0.142857, 0
178, 0.142857, 0
179, 0.142857, 0
180, 0.142857, 0
181, 0.142857, 0
182, 0.142857, 0
183, 0.142857, 0
184, 0.142857, 0
185, 0.142857, 0
186, 0.142857, 0
187, 0.142857, 0
188, 0.142857, 0
189, 0.142857, 0
190, 0.142857, 0
191, 0.142857, 0
192, 0.142857, 0
193, 0.142857, 0
194, 0.142857, 0
195, 0.142857, 0
196, 0.142857, 0
197, 0.142857, 0
198, 0.142857, 0
199, 0.142857, 0
200, 0.142857, 0
201, 0.142857, 0
202, 0.142857, 0
203, 0.142857, 0
204, 0.142857, 0
205, 0.142857, 0
206, 0.142857, 0
207, 0.142857, 0
208, 0.142857, 0
209, 0.142857, 0
210, 0.142857, 0
211, 0.142857, 0
212, 0.142857, 0
213, 0.142857, 0
214, 0.142857, 0
215, 0.142857, 0
216, 0.142857, 0
217, 0.142857, 0
218, 0.142857, 0
219, 0.142857, 0
220, 0.142857, 0
221, 0.142857, 0
222, 0.142857, 0
223, 0.142857, 0
224, 0.142857, 0
225, 0.142857, 0
226, 0.142857, 0
227, 0.142857, 0
228, 0.142857, 0
229, 0.142857, 0
230, 0.142857, 0
231, 0.142857, 0
232, 0.142857, 0
233, 0.142857, 0
234, 0.142857, 0
235, 0.142857, 0
236, 0.142857, 0
237, 0.142857, 0
238, 0.142857, 0
239, 0.142857, 0
240, 0.142857, 0
241, 0.142857, 0
242, 0.142857, 0
243, 0.142857, 0
244, 0.142857, 0
245, 0.142857, 0
246, 0.142857, 0
247, 0.142857, 0
248, 0.142857, 0
249, 0.142857, 0
250, 0.142857, 0
251, 0.142857, 0
252, 0.142857, 0
253, 0.142857, 0
254, 0.142857, 0
255, 0.142857, 0
256, 0.142857, 0
257, 0.142857, 0
258, 0.142857, 0
259, 0.142857, 0
260, 0.142857, 0
261, 0.142857, 0
262, 0.142857, 0
263, 0.142857, 0
264, 0.142857, 0
265, 0.142857, 0
266, 0.142857, 0
267, 0.142857, 0
268, 0.142857, 0
269, 0.142857, 0
270, 0.142857, 0
271, 0.142857, 0
272, 0.142857, 0
273, 0.142857, 0
274, 0.142857, 0
275, 0.142857, 0
276, 0.142857, 0
277, 0.142857, 0
278, 0.142857, 0
279, 0.142857, 0
280, 0.142857, 0
281, 0.142857, 0
282, 0.142857, 0
283, 0.142857, 0
284, 0.142857, 0
285, 0.142857, 0
286, 0.142857, 0
287, 0.142857, 0
288, 0.142857, 0
289, 0.142857, 0
290, 0.142857, 0
291, 0.142857, 0
292, 0.142857, 0
293, 0.142857, 0
294, 0.142857, 0
295, 0.142857, 0
296, 0.142857, 0
297, 0.142857, 0
298, 0.142857, 0
299, 0.142857, 0
300, 0.142857, 0
301, 0.142857, 0
302, 0.142857, 0
303, 0.142857, 0
304, 0.142857, 0
305, 0.142857, 0
306, 0.142857, 0
307, 0.142857, 0
308, 0.142857, 0
309, 0.142857, 0
310, 0.142857, 0
311, 0.142857, 0
312, 0.142857, 0
313, 0.142857, 0
314, 0.142857, 0
315, 0.142857, 0
316, 0.142857, 0
317, 0.142857, 0
318, 0.142857, 0
319, 0.142857, 0
320, 0.142857, 0
321, 0.142857, 0
322, 0.142857, 0
323, 0.142857, 0
324, 0.142857, 0
325, 0.142857, 0
326, 0.142857, 0
327, 0.142857, 0
328, 0.142857, 0
329, 0.142857, 0
330, 0.142857, 0
331, 0.142857, 0
332, 0.142857, 0
333, 0.142857, 0
334, 0.142857, 0
335, 0.142857, 0
336, 0.142857, 0
337, 0.142857, 0
338, 0.142857, 0
339, 0.142857, 0
340, 0.142857, 0
341, 0.142857, 0
342, 0.142857, 0
343, 0.142857, 0
344, 0.142857, 0
345, 0.142857, 0
346, 0.142857, 0
347, 0.142857, 0
348, 0.142857, 0
349, 0.142857, 0
350, 0.142857, 0
351, 0.142857, 0
352, 0.142857, 0
353, 0.142857, 0
354, 0.142857, 0
355, 0.142857, 0
356, 0.142857, 0
357, 0.142857, 0
358, 0.142857, 0
359, 0.142857, 0
360, 0.142857, 0
361, 0.142857, 0
362, 0.142857, 0
363, 0.142857, 0
364, 0.142857, 0
365, 0.142857, 0
366, 0.142857, 0
367, 0.142857, 0
368, 0.142857, 0
369, 0.142857, 0
370, 0.142857, 0
371, 0.142857, 0
372, 0.142857, 0
373, 0.142857, 0
374, 0.142857, 0
375, 0.142857, 0
376, 0.142857, 0
377, 0.142857, 0
378, 0.142857, 0
379, 0.142857, 0
380, 0.142857, 0
381, 0.142857, 0
382, 0.142857, 0
383, 0.142857, 0
384, 0.142857, 0
385, 0.142857, 0
386, 0.142857, 0
387, 0.142857, 0
388, 0.142857, 0
389, 0.142857, 0
390, 0.142857, 0
391, 0.142857, 0
392, 0.142857, 0
393, 0.142857, 0
394, 0.142857, 0
395, 0.142857, 0
396, 0.142857, 0
397, 0.142857, 0
398, 0.142857, 0
399, 0.142857, 0
400, 0.142857, 0
401, 0.142857, 0
402, 0.142857, 0
403, 0.142857, 0
404, 0.142857, 0
405, 0.142857, 0
406, 0.142857, 0
407, 0.142857, 0
408, 0.142857, 0
409, 0.142857, 0
410, 0.142857, 0
411, 0.142857, 0
412, 0.142857, 0
413, 0.142857, 0
414, 0.142857, 0
415, 0.142857, 0
416, 0.142857, 0
417, 0.142857, 0
418, 0.142857, 0
419, 0.142857, 0
420, 0.142857, 0
421, 0.142857, 0
422, 0.142857, 0
423, 0.142857, 0
424, 0.142857, 0
425, 0.142857, 0
426, 0.142857, 0
427, 0.142857, 0
428, 0.142857, 0
429, 0.142857, 0
430, 0.142857, 0
431, 0.142857, 0
432, 0.142857, 0
433, 0.142857, 0
434, 0.142857, 0
435, 0.142857, 0
436, 0.142857, 0
437, 0.142857, 0
438, 0.142857, 0
439, 0.142857, 0
440, 0.142857, 0
441, 0.142857, 0
442, 0.142857, 0
443, 0.142857, 0
444, 0.142857, 0
445, 0.142857, 0
446, 0.142857, 0
447, 0.142857, 0
448, 0.142857, 0
449, 0.142857, 0
450, 0.142857, 0
451, 0.142857, 0
452, 0.142857, 0
453, 0.142857, 0
454, 0.142857, 0
455, 0.142857, 0
456, 0.142857, 0
457, 0.142857, 0
458, 0.142857, 0
459, 0.142857, 0
460, 0.142857, 0
461, 0.142857, 0
462, 0.142857, 0
463, 0.142857, 0
464, 0.142857, 0
465, 0.142857, 0
466, 0.142857, 0
467, 0.142857, 0
468, 0.142857, 0
469, 0.142857, 0
470, 0.142857, 0
471, 0.142857, 0
472, 0.142857, 0
473, 0.142857, 0
474, 0.142857, 0
475, 0.142857, 0
476, 0.142857, 0
477, 0.142857, 0
478, 0.142857, 0
479, 0.142857, 0
480, 0.142857, 0
481, 0.142857, 0
482, 0.142857, 0
483, 0.142857, 0
484, 0.142857, 0
485, 0.142857, 0
486, 0.142857, 0
487, 0.142857, 0
488, 0.142857, 0
489, 0.142857, 0
490, 0.142857, 0
491, 0.142857, 0
492, 0.142857, 0
493, 0.142857, 0
494, 0.142857, 0
495, 0.142857, 0
496, 0.142857, 0
497, 0.142857, 0
498, 0.142857, 0
499, 0.142857, 0
500, 0.142857, 0
501, 0.142857, 0
502, 0.142857, 0
503, 0.142857, 0
504, 0.142857, 0
505, 0.142857, 0
506, 0.142857, 0
507, 0.142857, 0
508, 0.142857, 0
509, 0.142857, 0
510, 0.142857, 0
511, 0.142857, 0
512, 0.142857, 0
513, 0.142857, 0
514, 0.142857, 0
515, 0.142857, 0
516, 0.142857, 0
517, 0.142857, 0
518, 0.142857, 0
519, 0.142857, 0
520, 0.142857, 0
521, 0.142857, 0
522, 0.142857, 0
523, 0.142857, 0
524, 0.142857, 0
525, 0.142857, 0
526, 0.142857, 0
527, 0.142857, 0
528, 0.142857, 0
529, 0.142857, 0
530, 0.142857, 0
531, 0.142857, 0
532, 0.142857, 0
533, 0.142857, 0
534, 0.142857, 0
535, 0.142857, 0
536, 0.142857, 0
537, 0.142857, 0
538, 0.142857, 0
539, 0.142857, 0
540, 0.142857, 0
541, 0.142857, 0
542, 0.142857, 0
543, 0.142857, 0
544, 0.142857, 0
545, 0.142857, 0
546, 0.142857, 0
547, 0.142857, 0
548, 0.142857, 0
549, 0.142857, 0
550, 0.142857, 0
551, 0.142857, 0
552, 0.142857, 0
553, 0.142857, 0
554, 0.142857, 0
555, 0.142857, 0
556, 0.142857, 0
557, 0.142857, 0
558, 0.142857, 0
559, 0.142857, 0
560, 0.142857, 0
561, 0.142857, 0
562, 0.142857, 0
563, 0.142857, 0
564, 0.142857, 0
565, 0.142857, 0
566, 0.142857, 0
567, 0.142857, 0
568, 0.142857, 0
569, 0.142857, 0
570, 0.142857, 0
571, 0.142857, 0
572, 0.142857, 0
573, 0.142857, 0
574, 0.142857, 0
575, 0.142857, 0
576, 0.142857, 0
577, 0.142857, 0
578, 0.142857, 0
579, 0.142857, 0
580, 0.142857, 0
581, 0.142857, 0
582, 0.142857, 0
583, 0.142857, 0
584, 0.142857, 0
585, 0.142857, 0
586, 0.142857, 0
587, 0.142857, 0
588, 0.142857, 0
589, 0.142857, 0
590, 0.142857, 0
591, 0.142857, 0
592, 0.142857, 0
593, 0.142857, 0
594, 0.142857, 0
595, 0.142857, 0
596, 0.142857, 0
597, 0.142857, 0
598, 0.142857, 0
599, 0.142857, 0
600, 0.142857, 0
601, 1.14286, 0
602, 1.14286, 0
603, 1.14286, 0
604, 1.14286, 0
605, 1.14286, 0
606, 1.14286, 0
607, 1.14286, 0
608, 1.14286, 0
609, 1.14286, 0
610, 1.14286, 0
611, 1.14286, 0
612, 1.14286, 0
613, 1.14286, 0
614, 1.14286, 0
615, 1.14286, 0
616, 1.14286, 0
617, 1.14286, 0
618, 1.14286, 0
619, 1.14286, 0
620, 1.14286, 0
621, 1.14286, 0
622, 1.14286, 0
623, 1.14286, 0
624, 1.14286, 0
625, 1.14286, 0
626, 1.14286, 0
627, 1.14286, 0
628, 1.14286, 0
629, 1.14286, 0
630, 1.14286, 0
631, 1.14286, 0
632, 1.14286, 0
633, 1.14286, 0
634, 1.14286, 0
635, 1.14286, 0
636, 1.14286, 0
637, 1.14286, 0
638, 1.14286, 0
639, 1.14286, 0
640, 1.14286, 0
641, 1.14286, 0
642, 1.14286, 0
643, 1.14286, 0
644, 1.14286, 0
645, 1.14286, 0
646, 1.14286, 0
647, 1.14286, 0
648, 1.14286, 0
649, 1.14286, 0
650, 1.14286, 0
651, 1.14286, 0
652, 1.14286, 0
653, 1.14286, 0
654, 1.14286, 0
655, 1.14286, 0
656, 1.14286, 0
657, 1.14286, 0
658, 1.14286, 0
659, 1.14286, 0
660, 1.14286, 0
661, 1.14286, 0
662, 1.14286, 0
663, 1.14286, 0
664, 1.14286, 0
665, 1.14286, 0
666, 1.14286, 0
667, 1.14286, 0
668, 1.14286, 0
669, 1.14286, 0
670, 1.14286, 0
671, 1.14286, 0
672, 1.14286, 0
673, 1.14286, 0
674, 1.14286, 0
675, 1.14286, 0
676, 1.14286, 0
677, 1.14286, 0
678, 1.14286, 0
679, 1.14286, 0
680, 1.14286, 0
681, 1.14286, 0
682, 1.14286, 0
683, 1.14286, 0
684, 1.14286, 0
685, 1.14286, 0
686, 1.14286, 0
687, 1.14286, 0
688, 1.14286, 0
689, 1.14286, 0
690, 1.14286, 0
691, 1.14286, 0
692, 1.14286, 0
693, 1.14286, 0
694, 1.14286, 0
695, 1.14286, 0
696, 1.14286, 0
697, 1.14286, 0
698, 1.14286, 0
699, 1.14286, 0
700, 1.14286, 0
701, 1.14286, 0
702, 1.14286, 0
703, 1.14286, 0
704, 1.14286, 0
705, 1.14286, 0
706, 1.14286, 0
707, 1.14286, 0
708, 1.14286, 0
709, 1.14286, 0
710, 1.14286, 0
711, 1.14286, 0
712, 1.14286, 0
713, 1.14286, 0
714, 1.14286, 0
715, 1.14286, 0
716, 1.14286, 0
717, 1.14286, 0
718, 1.14286, 0
719, 1.14286, 0
720, 1.14286, 0
721, 1.14286, 0
722, 1.14286, 0
723, 1.14286, 0
724, 1.14286, 0
725, 1.14286, 0
726, 1.14286, 0
727, 1.14286, 0
728, 1.14286, 0
729, 1.14286, 0
730, 1.14286, 0
731, 1.14286, 0
732, 1.14286, 0
733, 1.14286, 0
734, 1.14286, 0
735, 1.14286, 0
736, 1.14286, 0
737, 1.14286, 0
738, 1.14286, 0
739, 1.14286, 0
740, 1.14286, 0
741, 1.14286, 0
742, 1.14286, 0
743, 1.14286, 0
744, 1.14286, 0
745, 1.14286, 0
746, 1.14286, 0
747, 1.14286, 0
748, 1.14286, 0
749, 1.14286, 0
750, 1.14286, 0
751, 1.14286, 0
752, 1.14286, 0
753, 1.14286, 0
754, 1.14286, 0
755, 1.14286, 0
756, 1.14286, 0
757, 1.14286, 0
758, 1.14286, 0
759, 1.14286, 0
760, 1.14286, 0
761, 1.14286, 0
762, 1.14286, 0
763, 1.14286, 0
764, 1.14286, 0
765, 1.14286, 0
766, 1.14286, 0
767, 1.14286, 0
768, 1.14286, 0
769, 1.14286, 0
770, 1.14286, 0
771, 1.14286, 0
772, 1.14286, 0
773, 1.14286, 0
774, 1.14286, 0
775, 1.14286, 0
776, 1.14286, 0
777, 1.14286, 0
778, 1.14286, 0
779, 1.14286, 0
780, 1.14286, 0
781, 1.14286, 0
782, 1.14286, 0
783, 1.14286, 0
784, 1.14286, 0
785, 1.14286, 0
786, 1.14286, 0
787, 1.14286, 0
788, 1.14286, 0
789, 1.14286, 0
790, 1.14286, 0
791, 1.14286, 0
792, 1.14286, 0
793, 1.14286, 0
794, 1.14286, 0
795, 1.14286, 0
796, 1.14286, 0
797, 1.14286, 0
798, 1.14286, 0
799, 1.14286, 0
800, 1.14286, 0
801, 1.14286, 0
802, 1.14286, 0
803, 1.14286, 0
804, 1.14286, 0
805, 1.14286, 0
806, 1.14286, 0
807, 1.14286, 0
808, 1.14286, 0
809, 1.14286, 0
810, 1.14286, 0
811, 1.14286, 0
812, 1.14286, 0
813, 1.14286, 0
814, 1.14286, 0
815, 1.14286, 0
816, 1.14286, 0
817, 1.14286, 0
818, 1.14286, 0
819, 1.14286, 0
820, 1.14286, 0
821, 1.14286, 0
822, 1.14286, 0
823, 1.14286, 0
824, 1.14286, 0
825, 1.14286, 0
826, 1.14286, 0
827, 1.14286, 0
828, 1.14286, 0
829, 1.14286, 0
830, 1.14286, 0
831, 1.14286, 0
832, 1.14286, 0
833, 1.14286, 0
834, 1.14286, 0
835, 1.14286, 0
836, 1.14286, 0
837, 1.14286, 0
838, 1.14286, 0
839, 1.14286, 0
840, 1.14286, 0
841, 1.14286, 0
842, 1.14286, 0
843, 1.14286, 0
844, 1.14286, 0
845, 1.14286, 0
846, 1.14286, 0
847, 1.14286, 0
848, 1.14286, 0
849, 1.14286, 0
850, 1.14286, 0
851, 1.14286, 0
852, 1.14286, 0
853, 1.14286, 0
854, 1.14286, 0
855, 1.14286, 0
856, 1.14286, 0
857, 1.14286, 0
858, 1.14286, 0
859, 1.14286, 0
860, 1.14286, 0
861, 1.14286, 0
862, 1.14286, 0
863, 1.14286, 0
864, 1.14286, 0
865, 1.14286, 0
866, 1.14286, 0
867, 1.14286, 0
868, 1.14286, 0
869, 1.14286, 0
870, 1.14286, 0
871, 1.14286, 0
872, 1.14286, 0
873, 1.14286, 0
874, 1.14286, 0
875, 1.14286, 0
876, 1.14286, 0
877, 1.14286, 0
878, 1.14286, 0
879, 1.14286, 0
880, 1.14286, 0
881, 1.14286, 0
882, 1.14286, 0
883, 1.14286, 0
884, 1.14286, 0
885, 1.14286, 0
886, 1.14286, 0
887, 1.14286, 0
888, 1.14286, 0
889, 1.14286, 0
890, 1.14286, 0
891, 1.14286, 0
892, 1.14286, 0
893, 1.14286, 0
894, 1.14286, 0
895, 1.14286, 0
896, 1.14286, 0
897, 1.14286, 0
898, 1.14286, 0
899, 1.14286, 0
900, 1.14286, 0
901, 1.14286, 0
902, 1.14286, 0
903, 1.14286, 0
904, 1.14286, 0
905, 1.14286, 0
906, 1.14286, 0
907, 1.14286, 0
908, 1.14286, 0
909, 1.14286, 0
910, 1.14286, 0
911, 1.14286, 0
912, 1.14286, 0
913, 1.14286, 0
914, 1.14286, 0
915, 1.14286, 0
916, 1.14286, 0
917, 1.14286, 0
918, 1.14286, 0
919, 1.14286, 0
920, 1.14286, 0
921, 1.14286, 0
922, 1.14286, 0
923, 1.14286, 0
924, 1.14286, 0
925, 1.14286, 0
926, 1.14286, 0
927, 1.14286, 0
928, 1.14286, 0
929, 1.14286, 0
930, 1.14286, 0
931, 1.14286, 0
932, 1.14286, 0
933, 1.14286, 0
934, 1.14286, 0
935, 1.14286, 0
936, 1.14286, 0
937, 1.14286, 0
938, 1.14286, 0
939, 1.14286, 0
940, 1.14286, 0
941, 1.14286, 0
942, 1.14286, 0
943, 1.14286, 0
944, 1.14286, 0
945, 1.14286, 0
946, 1.14286, 0
947, 1.14286, 0
948, 1.14286, 0
949, 1.14286, 0
950, 1.14286, 0
951, 1.14286, 0
952, 1.14286, 0
953, 1.14286, 0
954, 1.14286, 0
955, 1.14286, 0
956, 1.14286, 0
957, 1.14286, 0
958, 1.14286, 0
959, 1.14286, 0
960, 1.14286, 0
961, 1.14286, 0
962, 1.14286, 0
963, 1.14286, 0
964, 1.14286, 0
965, 1.14286, 0
966, 1.14286, 0
967, 1.14286, 0
968, 1.14286, 0
969, 1.14286, 0
970, 1.14286, 0
971, 1.14286, 0
972, 1.14286, 0
973, 1.14286, 0
974, 1.14286, 0
975, 1.14286, 0
976, 1.14286, 0
977, 1.14286, 0
978, 1.14286, 0
979, 1.14286, 0
980, 1.14286, 0
981, 1.14286, 0
982, 1.14286, 0
983, 1.14286, 0
984, 1.14286, 0
985, 1.14286, 0
986, 1.14286, 0
987, 1.14286, 0
988, 1.14286, 0
989, 1.14286, 0
990, 1.14286, 0
991, 1.14286, 0
992, 1.14286, 0
993, 1.14286, 0
994, 1.14286, 0
995, 1.14286, 0
996, 1.14286, 0
997, 1.14286, 0
998, 1.14286, 0
999, 1.14286, 0
1000, 1.14286, 0
1001, 1.14286, 0
1002, 1.14286, 0
1003, 1.14286, 0
1004, 1.14286, 0
1005, 1.14286, 0
1006, 1.14286, 0
1007, 1.14286, 0
1008, 1.14286, 0
1009, 1.14286, 0
1010, 1.14286, 0
1011, 1.14286, 0
1012, 1.14286, 0
1013, 1.14286, 0
1014, 1.14286, 0
1015, 1.14286, 0
1016, 1.14286, 0
1017, 1.14286, 0
1018, 1.14286, 0
1019, 1.14286, 0
1020, 1.14286, 0
1021, 1.14286, 0
1022, 1.14286, 0
1023, 1.14286, 0
1024, 1.14286, 0
1025, 1.14286, 0
1026, 1.14286, 0
1027, 1.14286, 0
1028, 1.14286, 0
1029, 1.14286, 0
1030, 1.14286, 0
1031, 1.14286, 0
1032, 1.14286, 0
1033, 1.14286, 0
1034, 1.14286, 0
1035, 1.14286, 0
1036, 1.14286, 0
1037, 1.14286, 0
1038, 1.14286, 0
1039, 1.14286, 0
1040, 1.14286, 0
1041, 1.14286, 0
1042, 1.14286, 0
1043, 1.14286, 0
1044, 1.14286, 0
1045, 1.14286, 0
1046, 1.14286, 0
1047, 1.14286, 0
1048, 1.14286, 0
1049, 1.14286, 0
1050, 1.14286, 0
1051, 1.14286, 0
1052, 1.14286, 0
1053, 1.14286, 0
1054, 1.14286, 0
1055, 1.14286, 0
1056, 1.14286, 0
1057, 1.14286, 0
1058, 1.14286, 0
1059, 1.14286, 0
1060, 1.14286, 0
1061, 1.14286, 0
1062, 1.14286, 0
1063, 1.14286, 0
1064, 1.14286, 0
1065, 1.14286, 0
1066, 1.14286, 0
1067, 1.14286, 0
1068, 1.14286, 0
1069, 1.14286, 0
1070, 1.14286, 0
1071, 1.14286, 0
1072, 1.14286, 0
1073, 1.14286, 0
1074, 1.14286, 0
1075, 1.14286, 0
1076, 1.14286, 0
1077, 1.14286, 0
1078, 1.14286, 0
1079, 1.14286, 0
1080, 1.14286, 0
1081, 1.14286, 0
1082, 1.14286, 0
1083, 1.14286, 0
1084, 1.14286, 0
1085, 1.14286, 0
1086, 1.14286, 0
1087, 1.14286, 0
1088, 1.14286, 0
1089, 1.14286, 0
1090, 1.14286, 0
1091, 1.14286, 0
1092, 1.14286, 0
1093, 1.14286, 0
1094, 1.14286, 0
1095, 1.14286, 0
1096, 1.14286, 0
1097, 1.14286, 0
1098, 1.14286, 0
1099, 1.14286, 0
1100, 1.14286, 0
1101, 1.14286, 0
1102, 1.14286, 0
1103, 1.14286, 0
1104, 1.14286, 0
1105, 1.14286, 0
1106, 1.14286, 0
1107, 1.14286, 0
1108, 1.14286, 0
1109, 1.14286, 0
1110, 1.14286, 0
1111, 1.14286, 0
1112, 1.14286, 0
1113, 1.14286, 0
1114, 1.14286, 0
1115, 1.14286, 0
1116, 1.14286, 0
1117, 1.14286, 0
1118, 1.14286, 0
1119, 1.14286, 0
1120, 1.14286, 0
1121, 1.14286, 0
1122, 1.14286, 0
1123, 1.14286, 0
1124, 1.14286, 0
1125, 1.14286, 0
1126, 1.14286, 0
1127, 1.14286, 0
1128, 1.14286, 0
1129, 1.14286, 0
1130, 1.14286, 0
1131, 1.14286, 0
1132, 1.14286, 0
1133, 1.14286, 0
1134, 1.14286, 0
1135, 1.14286, 0
1136, 1.14286, 0
1137, 1.14286, 0
1138, 1.14286, 0
1139, 1.14286, 0
1140, 1.14286, 0
1141, 1.14286, 0
1142, 1.14286, 0
1143, 1.14286, 0
1144, 1.14286, 0
1145, 1.14286, 0
1146, 1.14286, 0
1147, 1.14286, 0
1148, 1.14286, 0
1149, 1.14286, 0
1150, 1.14286, 0
1151, 1.14286, 0
1152, 1.14286, 0
1153, 1.14286, 0
1154, 1.14286, 0
1155, 1.14286, 0
1156, 1.14286, 0
1157, 1.14286, 0
1158, 1.14286, 0
1159, 1.14286, 0
1160, 1.14286, 0
1161, 1.14286, 0
1162, 1.14286, 0
1163, 1.14286, 0
1164, 1.14286, 0
1165, 1.14286, 0
1166, 1.14286, 0
1167, 1.14286, 0
1168, 1.14286, 0
1169, 1.14286, 0
1170, 1.14286, 0
1171, 1.14286, 0
1172, 1.14286, 0
1173, 1.14286, 0
1174, 1.14286, 0
1175, 1.14286, 0
1176, 1.14286, 0
1177, 1.14286, 0
1178, 1.14286, 0
1179, 1.14286, 0
1180, 1.14286, 0
1181, 1.14286, 0
1182, 1.14286, 0
1183, 1.14286, 0
1184, 1.14286, 0
1185, 1.14286, 0
1186, 1.14286, 0
1187, 1.14286, 0
1188, 1.14286, 0
1189, 1.14286, 0
1190, 1.14286, 0
1191, 1.14286, 0
1192, 1.14286, 0
1193, 1.14286, 0
1194, 1.14286, 0
1195, 1.14286, 0
1196, 1.14286, 0
1197, 1.14286, 0
1198, 1.14286, 0
1199, 1.14286, 0
1200, 1.14286, 0
1201, 1.14286, 0
1202, 1.14286, 0
1203, 1.14286, 0
1204, 1.14286, 0
1205, 1.14286, 0
1206, 1.14286, 0
1207, 1.14286, 0
1208, 1.14286, 0
1209, 1.14286, 0
1210, 1.14286, 0
1211, 1.14286, 0
1212, 1.14286, 0
1213, 1.14286, 0
1214, 1.14286, 0
1215, 1.14286, 0
1216, 1.14286, 0
1217, 1.14286, 0
1218, 1.14286, 0
1219, 1.14286, 0
1220, 1.14286, 0
1221, 1.14286, 0
1222, 1.14286, 0
1223, 1.14286, 0
1224, 1.14286, 0
1225, 1.14286, 0
1226, 1.14286, 0
1227, 1.14286, 0
1228, 1.14286, 0
1229, 1.14286, 0
1230, 1.14286, 0
1231, 1.14286, 0
1232, 1.14286, 0
1233, 1.14286, 0
1234, 1.14286, 0
1235, 1.14286, 0
1236, 1.14286, 0
1237, 1.14286, 0
1238, 1.14286, 0
1239, 1.14286, 0
1240, 1.14286, 0
1241, 1.14286, 0
1242, 1.14286, 0
1243, 1.14286, 0
1244, 1.14286, 0
1245, 1.14286, 0
1246, 1.14286, 0
1247, 1.14286, 0
1248, 1.14286, 0
1249, 1.14286, 0
1250, 1.14286, 0
1251, 1.14286, 0
1252, 1.14286, 0
1253, 1.14286, 0
1254, 1.14286, 0
1255, 1.14286, 0
1256, 1.14286, 0
1257, 1.14286, 0
1258, 1.14286, 0
1259, 1.14286, 0
1260, 1.14286, 0
1261, 1.14286, 0
1262, 1.14286, 0
1263, 1.14286, 0
1264, 1.14286, 0
1265, 1.14286, 0
1266, 1.14286, 0
1267, 1.14286, 0
1268, 1.14286, 0
1269, 1.14286, 0
1270, 1.14286, 0
1271, 1.14286, 0
1272, 1.14286, 0
1273, 1.14286, 0
1274, 1.14286, 0
1275, 1.14286, 0
1276, 1.14286, 0
1277, 1.14286, 0
1278, 1.14286, 0
1279, 1.14286, 0
1280, 1.14286, 0
1281, 1.14286, 0
1282, 1.14286, 0
1283, 1.14286, 0
1284, 1.14286, 0
1285, 1.14286, 0
1286, 1.14286, 0
1287, 1.14286, 0
1288, 1.14286, 0
1289, 1.14286, 0
1290, 1.14286, 0
1291, 1.14286, 0
1292, 1.14286, 0
1293, 1.14286, 0
1294, 1.14286, 0
1295, 1.14286, 0
1296, 1.14286, 0
1297, 1.14286, 0
1298, 1.14286, 0
1299, 1.14286, 0
1300, 1.14286, 0
1301, 1.14286, 0
1302, 1.14286, 0
1303, 1.14286, 0
1304, 1.14286, 0
1305, 1.14286, 0
1306, 1.14286, 0
1307, 1.14286, 0
1308, 1.14286, 0
1309, 1.14286, 0
1310, 1.14286, 0
1311, 1.14286, 0
1312, 1.14286, 0
1313, 1.14286, 0
1314, 1.14286, 0
1315, 1.14286, 0
1316, 1.14286, 0
1317, 1.14286, 0
1318, 1.14286, 0
1319, 1.14286, 0
1320, 1.14286, 0
1321, 1.14286, 0
1322, 1.14286, 0
1323, 1.14286, 0
1324, 1.14286, 0
1325, 1.14286, 0
1326, 1.14286, 0
1327, 1.14286, 0
1328, 1.14286, 0
1329, 1.14286, 0
1330, 1.14286, 0
1331, 1.14286, 0
1332, 1.14286, 0
1333, 1.14286, 0
1334, 1.14286, 0
1335, 1.14286, 0
1336, 1.14286, 0
1337, 1.14286, 0
1338, 1.14286, 0
1339, 1.14286, 0
1340, 1.14286, 0
1341, 1.14286, 0
1342, 1.14286, 0
1343, 1.14286, 0
1344, 1.14286, 0
1345, 1.14286, 0
1346, 1.14286, 0
1347, 1.14286, 0
1348, 1.14286, 0
1349, 1.14286, 0
1350, 1.14286, 0
1351, 1.14286, 0
1352, 1.14286, 0
1353, 1.14286, 0
1354, 1.14286, 0
1355, 1.14286, 0
1356, 1.14286, 0
1357, 1.14286, 0
1358, 1.14286, 0
1359, 1.14286, 0
1360, 1.14286, 0
1361, 1.14286, 0
1362, 1.14286, 0
1363, 1.14286, 0
1364, 1.14286, 0
1365, 1.14286, 0
1366, 1.14286, 0
1367, 1.14286, 0
1368, 1.14286, 0
1369, 1.14286, 0
1370, 1.14286, 0
1371, 1.14286, 0
1372, 1.14286, 0
1373, 1.14286, 0
1374, 1.14286, 0
1375, 1.14286, 0
1376, 1.14286, 0
1377, 1.14286, 0
1378, 1.14286, 0
1379, 1.14286, 0
1380, 1.14286, 0
1381, 1.14286, 0
1382, 1.14286, 0
1383, 1.14286, 0
1384, 1.14286, 0
1385, 1.14286, 0
1386, 1.14286, 0
1387, 1.14286, 0
1388, 1.14286, 0
1389, 1.14286, 0
1390, 1.14286, 0
1391, 1.14286, 0
1392, 1.14286, 0
1393, 1.14286, 0
1394, 1.14286, 0
1395, 1.14286, 0
1396, 1.14286, 0
1397, 1.14286, 0
1398, 1.14286, 0
1399, 1.14286, 0
1400, 1.14286, 0
1401, 1.14286, 0
1402, 1.14286, 0
1403, 1.14286, 0
1404, 1.14286, 0
1405, 1.14286, 0
1406, 1.14286, 0
1407, 1.14286, 0
1408, 1.14286, 0
1409, 1.14286, 0
1410, 1.14286, 0
1411, 1.14286, 0
1412, 1.14286, 0
1413, 1.14286, 0
1414, 1.14286, 0
1415, 1.14286, 0
1416, 1.14286, 0
1417, 1.14286, 0
1418, 1.14286, 0
1419, 1.14286, 0
1420, 1.14286, 0
1421, 1.14286, 0
1422, 1.14286, 0
1423, 1.14286, 0
1424, 1.14286, 0
1425, 1.14286, 0
1426, 1.14286, 0
1427, 1.14286, 0
1428, 1.14286, 0
1429, 1.14286, 0
1430, 1.14286, 0
1431, 1.14286, 0
1432, 1.14286, 0
1433, 1.14286, 0
1434, 1.14286, 0
1435, 1.14286, 0
1436, 1.14286, 0
1437, 1.14286, 0
1438, 1.14286, 0
1439, 1.14286, 0
1440, 1.14286, 0
1441, 1.14286, 0
1442, 1.14286, 0
1443, 1.14286, 0
1444, 1.14286, 0
1445, 1.14286, 0
1446, 1.14286, 0
1447, 1.14286, 0
1448, 1.14286, 0
1449, 1.14286, 0
1450, 1.14286, 0
1451, 1.14286, 0
1452, 1.14286, 0
1453, 1.14286, 0
1454, 1.14286, 0
1455, 1.14286, 0
1456, 1.14286, 0
1457, 1.14286, 0
1458, 1.14286, 0
1459, 1.14286, 0
1460, 1.14286, 0
1461, 1.14286, 0
1462, 1.14286, 0
1463, 1.14286, 0
1464, 1.14286, 0
1465, 1.14286, 0
1466, 1.14286, 0
1467, 1.14286, 0
1468, 1.14286, 0
1469, 1.14286, 0
1470, 1.14286, 0
1471, 1.14286, 0
1472, 1.14286, 0
1473, 1.14286, 0
1474, 1.14286, 0
1475, 1.14286, 0
1476, 1.14286, 0
1477, 1.14286, 0
1478, 1.14286, 0
1479, 1.14286, 0
1480, 1.14286, 0
1481, 1.14286, 0
1482, 1.14286, 0
1483, 1.14286, 0
1484, 1.14286, 0
1485, 1.14286, 0
1486, 1.14286, 0
1487, 1.14286, 0
1488, 1.14286, 0
1489, 1.14286, 0
1490, 1.14286, 0
1491, 1.14286, 0
1492, 1.14286, 0
1493, 1.14286, 0
1494, 1.14286, 0
1495, 1.14286, 0
1496, 1.14286, 0
1497, 1.14286, 0
1498, 1.14286, 0
1499, 1.14286, 0
1500, 1.14286, 0
1501, 1.14286, 0
1502, 1.14286, 0
1503, 1.14286, 0
1504, 1.14286, 0
1505, 1.14286, 0
1506, 1.14286, 0
1507, 1.14286, 0
1508, 1.14286, 0
1509, 1.14286, 0
1510, 1.14286, 0
1511, 1.14286, 0
1512, 1.14286, 0
1513, 1.14286, 0
1514, 1.14286, 0
1515, 1.14286, 0
1516, 1.14286, 0
1517, 1.14286, 0
1518, 1.14286, 0
1519, 1.14286, 0
1520, 1.14286, 0
1521, 1.14286, 0
1522, 1.14286, 0
1523, 1.14286, 0
1524, 1.14286, 0
1525, 1.14286, 0
1526, 1.14286, 0
1527, 1.14286, 0
1528, 1.14286, 0
1529, 1.14286, 0
1530, 1.14286, 0
1531, 1.14286, 0
1532, 1.14286, 0
1533, 1.14286, 0
1534, 1.14286, 0
1535, 1.14286, 0
1536, 1.14286, 0
1537, 1.14286, 0
1538, 1.14286, 0
1539, 1.14286, 0
1540, 1.14286, 0
1541, 1.14286, 0
1542, 1.14286, 0
1543, 1.14286, 0
1544, 1.14286, 0
1545, 1.14286, 0
1546, 1.14286, 0
1547, 1.14286, 0
1548, 1.14286, 0
1549, 1.14286, 0
1550, 1.14286, 0
1551, 1.14286, 0
1552, 1.14286, 0
1553, 1.14286, 0
1554, 1.14286, 0
1555, 1.14286, 0
1556, 1.14286, 0
1557, 1.14286, 0
1558, 1.14286, 0
1559, 1.14286, 0
1560, 1.14286, 0
1561, 1.14286, 0
1562, 1.14286, 0
1563, 1.14286, 0
1564, 1.14286, 0
1565, 1.14286, 0
1566, 1.14286, 0
1567, 1.14286, 0
1568, 1.14286, 0
1569, 1.14286, 0
1570, 1.14286, 0
1571, 1.14286, 0
1572, 1.14286, 0
1573, 1.14286, 0
1574, 1.14286, 0
1575, 1.14286, 0
1576, 1.14286, 0
1577, 1.14286, 0
1578, 1.14286, 0
1579, 1.14286, 0
1580, 1.14286, 0
1581, 1.14286, 0
1582, 1.14286, 0
1583, 1.14286, 0
1584, 1.14286, 0
1585, 1.14286, 0
1586, 1.14286, 0
1587, 1.14286, 0
1588, 1.14286, 0
1589, 1.14286, 0
1590, 1.14286, 0
1591, 1.14286, 0
1592, 1.14286, 0
1593, 1.14286, 0
1594, 1.14286, 0
1595, 1.14286, 0
1596, 1.14286, 0
1597, 1.14286, 0
1598, 1.14286, 0
1599, 1.14286, 0
1600, 1.14286, 0
1601, 1.14286, 0
1602, 1.14286, 0
1603, 1.14286, 0
1604, 1.14286, 0
1605, 1.14286, 0
1606, 1.14286, 0
1607, 1.14286, 0
1608, 1.14286, 0
1609, 1.14286, 0
1610, 1.14286, 0
1611, 1.14286, 0
1612, 1.14286, 0
1613, 1.14286, 0
1614, 1.14286, 0
1615, 1.14286, 0
1616, 1.14286, 0
1617, 1.14286, 0
1618, 1.14286, 0
1619, 1.14286, 0
1620, 1.14286, 0
1621, 1.14286, 0
1622, 1.14286, 0
1623, 1.14286, 0
1624, 1.14286, 0
1625, 1.14286, 0
1626, 1.14286, 0
1627, 1.14286, 0
1628, 1.14286, 0
1629, 1.14286, 0
1630, 1.14286, 0
1631, 1.14286, 0
1632, 1.14286, 0
1633, 1.14286, 0
1634, 1.14286, 0
1635, 1.14286, 0
1636, 1.14286, 0
1637, 1.14286, 0
1638, 1.14286, 0
1639, 1.14286, 0
1640, 1.14286, 0
1641, 1.14286, 0
1642, 1.14286, 0
1643, 1.14286, 0
1644, 1.14286, 0
1645, 1.14286, 0
1646, 1.14286, 0
1647, 1.14286, 0
1648, 1.14286, 0
1649, 1.14286, 0
1650, 1.14286, 0
1651, 1.14286, 0
1652, 1.14286, 0
1653, 1.14286, 0
1654, 1.14286, 0
1655, 1.14286, 0
1656, 1.14286, 0
1657, 1.14286, 0
1658, 1.14286, 0
1659, 1.14286, 0
1660, 1.14286, 0
1661, 1.14286, 0
1662, 1.14286, 0
1663, 1.14286, 0
1664, 1.14286, 0
1665, 1.14286, 0
1666, 1.14286, 0
1667, 1.14286, 0
1668, 1.14286, 0
1669, 1.14286, 0
1670, 1.14286, 0
1671, 1.14286, 0
1672, 1.14286, 0
1673, 1.14286, 0
1674, 1.14286, 0
1675, 1.14286, 0
1676, 1.14286, 0
1677, 1.14286, 0
1678, 1.14286, 0
1679, 1.14286, 0
1680, 1.14286, 0
1681, 1.14286, 0
1682, 1.14286, 0
1683, 1.14286, 0
1684, 1.14286, 0
1685, 1.14286, 0
1686, 1.14286, 0
1687, 1.14286, 0
1688, 1.14286, 0
1689, 1.14286, 0
1690, 1.14286, 0
1691, 1.14286, 0
1692, 1.14286, 0
1693, 1.14286, 0
1694, 1.14286, 0
1695, 1.14286, 0
1696, 1.14286, 0
1697, 1.14286, 0
1698, 1.14286, 0
1699, 1.14286, 0
1700, 1.14286, 0
1701, 1.14286, 0
1702, 1.14286, 0
1703, 1.14286, 0
1704, 1.14286, 0
1705, 1.14286, 0
1706, 1.14286, 0
1707, 1.14286, 0
1708, 1.14286, 0
1709, 1.14286, 0
1710, 1.14286, 0
1711, 1.14286, 0
1712, 1.14286, 0
1713, 1.14286, 0
1714, 1.14286, 0
1715, 1.14286, 0
1716, 1.14286, 0
1717, 1.14286, 0
1718, 1.14286, 0
1719, 1.14286, 0
1720, 1.14286, 0
1721, 1.14286, 0
1722, 1.14286, 0
1723, 1.14286, 0
1724, 1.14286, 0
1725, 1.14286, 0
1726, 1.14286, 0
1727, 1.14286, 0
1728, 1.14286, 0
1729, 1.14286, 0
1730, 1.14286, 0
1731, 1.14286, 0
1732, 1.14286, 0
1733, 1.14286, 0
1734, 1.14286, 0
1735, 1.14286, 0
1736, 1.14286, 0
1737, 1.14286, 0
1738, 1.14286, 0
1739, 1.14286, 0
1740, 1.14286, 0
1741, 1.14286, 0
1742, 1.14286, 0
1743, 1.14286, 0
1744, 1.14286, 0
1745, 1.14286, 0
1746, 1.14286, 0
1747, 1.14286, 0
1748, 1.14286, 0
1749, 1.14286, 0
1750, 1.14286, 0
1751, 1.14286, 0
1752, 1.14286, 0
1753, 1.14286, 0
1754, 1.14286, 0
1755, 1.14286, 0
1756, 1.14286, 0
1757, 1.14286, 0
1758, 1.14286, 0
1759, 1.14286, 0
1760, 1.14286, 0
1761, 1.14286, 0
1762, 1.14286, 0
1763, 1.14286, 0
1764, 1.14286, 0
1765, 1.14286, 0
1766, 1.14286, 0
1767, 1.14286, 0
1768, 1.14286, 0
1769, 1.14286, 0
1770, 1.14286, 0
1771, 1.14286, 0
1772, 1.14286, 0
1773, 1.14286, 0
1774, 1.14286, 0
1775, 1.14286, 0
1776, 1.14286, 0
1777, 1.14286, 0
1778, 1.14286, 0
1779, 1.14286, 0
1780, 1.14286, 0
1781, 1.14286, 0
1782, 1.14286, 0
1783, 1.14286, 0
1784, 1.14286, 0
1785, 1.14286, 0
1786, 1.14286, 0
1787, 1.14286, 0
1788, 1.14286, 0
1789, 1.14286, 0
1790, 1.14286, 0
1791, 1.14286, 0
1792, 1.14286, 0
1793, 1.14286, 0
1794, 1.14286, 0
1795, 1.14286, 0
1796, 1.14286, 0
1797, 1.14286, 0
1798, 1.14286, 0
1799, 1.14286, 0
1800, 1.14286, 0
1801, 0.857143, 0
1802, 0.857143, 0
1803, 0.857143, 0
1804, 0.857143, 0
1805, 0.857143, 0
1806, 0.857143, 0
1807, 0.857143, 0
1808, 0.857143, 0
1809, 0.857143, 0
1810, 0.857143, 0
1811, 0.857143, 0
1812, 0.857143, 0
1813, 0.857143, 0
1814, 0.857143, 0
1815, 0.857143, 0
1816, 0.857143, 0
1817, 0.857143, 0
1818, 0.857143, 0
1819, 0.857143, 0
1820, 0.857143, 0
1821, 0.857143, 0
1822, 0.857143, 0
1823, 0.857143, 0
1824, 0.857143, 0
1825, 0.857143, 0
1826, 0.857143, 0
1827, 0.857143, 0
1828, 0.857143, 0
1829, 0.857143, 0
1830, 0.857143, 0
1831, 0.857143, 0
1832, 0.857143, 0
1833, 0.857143, 0
1834, 0.857143, 0
1835, 0.857143, 0
1836, 0.857143, 0
1837, 0.857143, 0
1838, 0.857143, 0
1839, 0.857143, 0
1840, 0.857143, 0
1841, 0.857143, 0
1842, 0.857143, 0
1843, 0.857143, 0
1844, 0.857143, 0
1845, 0.857143, 0
1846, 0.857143, 0
1847, 0.857143, 0
1848, 0.857143, 0
1849, 0.857143, 0
1850, 0.857143, 0
1851, 0.857143, 0
1852, 0.857143, 0
1853, 0.857143, 0
1854, 0.857143, 0
1855, 0.857143, 0
1856, 0.857143, 0
1857, 0.857143, 0
1858, 0.857143, 0
1859, 0.857143, 0
1860, 0.857143, 0
1861, 0.857143, 0
1862, 0.857143, 0
1863, 0.857143, 0
1864, 0.857143, 0
1865, 0.857143, 0
1866, 0.857143, 0
1867, 0.857143, 0
1868, 0.857143, 0
1869, 0.857143, 0
1870, 0.857143, 0
1871, 0.857143, 0
1872, 0.857143, 0
1873, 0.857143, 0
1874, 0.857143, 0
1875, 0.857143, 0
1876, 0.857143, 0
1877, 0.857143, 0
1878, 0.857143, 0
1879, 0.857143, 0
1880, 0.857143, 0
1881, 0.857143, 0
1882, 0.857143, 0
1883, 0.857143, 0
1884, 0.857143, 0
1885, 0.857143, 0
1886, 0.857143, 0
1887, 0.857143, 0
1888, 0.857143, 0
1889, 0.857143, 0
1890, 0.857143, 0
1891, 0.857143, 0
1892, 0.857143, 0
1893, 0.857143, 0
1894, 0.857143, 0
1895, 0.857143, 0
1896, 0.857143, 0
1897, 0.857143, 0
1898, 0.857143, 0
1899, 0.857143, 0
1900, 0.857143, 0
1901, 0.857143, 0
1902, 0.857143, 0
1903, 0.857143, 0
1904, 0.857143, 0
1905, 0.857143, 0
1906, 0.857143, 0
1907, 0.857143, 0
1908, 0.857143, 0
1909, 0.857143, 0
1910, 0.857143, 0
1911, 0.857143, 0
1912, 0.857143, 0
1913, 0.857143, 0
1914, 0.857143, 0
1915, 0.857143, 0
1916, 0.857143, 0
1917, 0.857143, 0
1918, 0.857143, 0
1919, 0.857143, 0
1920, 0.857143, 0
1921, 0.857143, 0
1922, 0.857143, 0
1923, 0.857143, 0
1924, 0.857143, 0
1925, 0.857143, 0
1926, 0.857143, 0
1927, 0.857143, 0
1928, 0.857143, 0
1929, 0.857143, 0
1930, 0.857143, 0
1931, 0.857143, 0
1932, 0.857143, 0
1933, 0.857143, 0
1934, 0.857143, 0
1935, 0.857143, 0
1936, 0.857143, 0
1937, 0.857143, 0
1938, 0.857143, 0
1939, 0.857143, 0
1940, 0.857143, 0
1941, 0.857143, 0
1942, 0.857143, 0
1943, 0.857143, 0
1944, 0.857143, 0
1945, 0.857143, 0
1946, 0.857143, 0
1947, 0.857143, 0
1948, 0.857143, 0
1949, 0.857143, 0
1950, 0.857143, 0
1951, 0.857143, 0
1952, 0.857143, 0
1953, 0.857143, 0
1954, 0.857143, 0
1955, 0.857143, 0
1956, 0.857143, 0
1957, 0.857143, 0
1958, 0.857143, 0
1959, 0.857143, 0
1960, 0.857143, 0
1961, 0.857143, 0
1962, 0.857143, 0
1963, 0.857143, 0
1964, 0.857143, 0
1965, 0.857143, 0
1966, 0.857143, 0
1967, 0.857143, 0
1968, 0.857143, 0
1969, 0.857143, 0
1970, 0.857143, 0
1971, 0.857143, 0
1972, 0.857143, 0
1973, 0.857143, 0
1974, 0.857143, 0
1975, 0.857143, 0
1976, 0.857143, 0
1977, 0.857143, 0
1978, 0.857143, 0
1979, 0.857143, 0
1980, 0.857143, 0
1981, 0.857143, 0
1982, 0.857143, 0
1983, 0.857143, 0
1984, 0.857143, 0
1985, 0.857143, 0
1986, 0.857143, 0
1987, 0.857143, 0
1988, 0.857143, 0
1989, 0.857143, 0
1990, 0.857143, 0
1991, 0.857143, 0
1992, 0.857143, 0
1993, 0.857143, 0
1994, 0.857143, 0
1995, 0.857143, 0
1996, 0.857143, 0
1997, 0.857143, 0
1998, 0.857143, 0
1999, 0.857143, 0
2000, 0.857143, 0
2001, 0.857143, 0
2002, 0.857143, 0
2003, 0.857143, 0
2004, 0.857143, 0
2005, 0.857143, 0
2006, 0.857143, 0
2007, 0.857143, 0
2008, 0.857143, 0
2009, 0.857143, 0
2010, 0.857143, 0
2011, 0.857143, 0
2012, 0.857143, 0
2013, 0.857143, 0
2014, 0.857143, 0
2015, 0.857143, 0
2016, 0.857143, 0
2017, 0.857143, 0
2018, 0.857143, 0
2019, 0.857143, 0
2020, 0.857143, 0
2021, 0.857143, 0
2022, 0.857143, 0
2023, 0.857143, 0
2024, 0.857143, 0
2025, 0.857143, 0
2026, 0.857143, 0
2027, 0.857143, 0
2028, 0.857143, 0
2029, 0.857143, 0
2030, 0.857143, 0
2031, 0.857143, 0
2032, 0.857143, 0
2033, 0.857143, 0
2034, 0.857143, 0
2035, 0.857143, 0
2036, 0.857143, 0
2037, 0.857143, 0
2038, 0.857143, 0
2039, 0.857143, 0
2040, 0.857143, 0
2041, 0.857143, 0
2042, 0.857143, 0
2043, 0.857143, 0
2044, 0.857143, 0
2045, 0.857143, 0
2046, 0.857143, 0
2047, 0.857143, 0
2048, 0.857143, 0
2049, 0.857143, 0
2050, 0.857143, 0
2051, 0.857143, 0
2052, 0.857143, 0
2053, 0.857143, 0
2054, 0.857143, 0
2055, 0.857143, 0
2056, 0.857143, 0
2057, 0.857143, 0
2058, 0.857143, 0
2059, 0.857143, 0
2060, 0.857143, 0
2061, 0.857143, 0
2062, 0.857143, 0
2063, 0.857143, 0
2064, 0.857143, 0
2065, 0.857143, 0
2066, 0.857143, 0
2067, 0.857143, 0
2068, 0.857143, 0
2069, 0.857143, 0
2070, 0.857143, 0
2071, 0.857143, 0
2072, 0.857143, 0
2073, 0.857143, 0
2074, 0.857143, 0
2075, 0.857143, 0
2076, 0.857143, 0
2077, 0.857143, 0
2078, 0.857143, 0
2079, 0.857143, 0
2080, 0.857143, 0
2081, 0.857143, 0
2082, 0.857143, 0
2083, 0.857143, 0
2084, 0.857143, 0
2085, 0.857143, 0
2086, 0.857143, 0
2087, 0.857143, 0
2088, 0.857143, 0
2089, 0.857143, 0
2090, 0.857143, 0
2091, 0.857143, 0
2092, 0.857143, 0
2093, 0.857143, 0
2094, 0.857143, 0
2095, 0.857143, 0
2096, 0.857143, 0
2097, 0.857143, 0
2098, 0.857143, 0
2099, 0.857143, 0
2100, 0.857143, 0
2101, 0.857143, 0
2102, 0.857143, 0
2103, 0.857143, 0
2104, 0.857143, 0
2105, 0.857143, 0
2106, 0.857143, 0
2107, 0.857143, 0
2108, 0.857143, 0
2109, 0.857143, 0
2110, 0.857143, 0
2111, 0.857143, 0
2112, 0.857143, 0
2113, 0.857143, 0
2114, 0.857143, 0
2115, 0.857143, 0
2116, 0.857143, 0
2117, 0.857143, 0
2118, 0.857143, 0
2119, 0.857143, 0
2120, 0.857143, 0
2121, 0.857143, 0
2122, 0.857143, 0
2123, 0.857143, 0
2124, 0.857143, 0
2125, 0.857143, 0
2126, 0.857143, 0
2127, 0.857143, 0
2128, 0.857143, 0
2129, 0.857143, 0
2130, 0.857143, 0
2131, 0.857143, 0
2132, 0.857143, 0
2133, 0.857143, 0
2134, 0.857143, 0
2135, 0.857143, 0
2136, 0.857143, 0
2137, 0.857143, 0
2138, 0.857143, 0
2139, 0.857143, 0
2140, 0.857143, 0
2141, 0.857143, 0
2142, 0.857143, 0
2143, 0.857143, 0
2144, 0.857143, 0
2145, 0.857143, 0
2146, 0.857143, 0
2147, 0.857143, 0
2148, 0.857143, 0
2149, 0.857143, 0
2150, 0.857143, 0
2151, 0.857143, 0
2152, 0.857143, 0
2153, 0.857143, 0
2154, 0.857143, 0
2155, 0.857143, 0
2156, 0.857143, 0
2157, 0.857143, 0
2158, 0.857143, 0
2159, 0.857143, 0
2160, 0.857143, 0
2161, 0.857143, 0
2162, 0.857143, 0
2163, 0.857143, 0
2164, 0.857143, 0
2165, 0.857143, 0
2166, 0.857143, 0
2167, 0.857143, 0
2168, 0.857143, 0
2169, 0.857143, 0
2170, 0.857143, 0
2171, 0.857143, 0
2172, 0.857143, 0
2173, 0.857143, 0
2174, 0.857143, 0
2175, 0.857143, 0
2176, 0.857143, 0
2177, 0.857143, 0
2178, 0.857143, 0
2179, 0.857143, 0
2180, 0.857143, 0
2181, 0.857143, 0
2182, 0.857143, 0
2183, 0.857143, 0
2184, 0.857143, 0
2185, 0.857143, 0
2186, 0.857143, 0
2187, 0.857143, 0
2188, 0.857143, 0
2189, 0.857143, 0
2190, 0.857143, 0
2191, 0.857143, 0
2192, 0.857143, 0
2193, 0.857143, 0
2194, 0.857143, 0
2195, 0.857143, 0
2196, 0.857143, 0
2197, 0.857143, 0
2198, 0.857143, 0
2199, 0.857143, 0
2200, 0.857143, 0
2201, 0.857143, 0
2202, 0.857143, 0
2203, 0.857143, 0
2204, 0.857143, 0
2205, 0.857143, 0
2206, 0.857143, 0
2207, 0.857143, 0
2208, 0.857143, 0
2209, 0.857143, 0
2210, 0.857143, 0
2211, 0.857143, 0
2212, 0.857143, 0
2213, 0.857143, 0
2214, 0.857143, 0
2215, 0.857143, 0
2216, 0.857143, 0
2217, 0.857143, 0
2218, 0.857143, 0
2219, 0.857143, 0
2220, 0.857143, 0
2221, 0.857143, 0
2222, 0.857143, 0
2223, 0.857143, 0
2224, 0.857143, 0
2225, 0.857143, 0
2226, 0.857143, 0
2227, 0.857143, 0
2228, 0.857143, 0
2229, 0.857143, 0
2230, 0.857143, 0
2231, 0.857143, 0
2232, 0.857143, 0
2233, 0.857143, 0
2234, 0.857143, 0
2235, 0.857143, 0
2236, 0.857143, 0
2237, 0.857143, 0
2238, 0.857143, 0
2239, 0.857143, 0
2240, 0.857143, 0
2241, 0.857143, 0
2242, 0.857143, 0
2243, 0.857143, 0
2244, 0.857143, 0
2245, 0.857143, 0
2246, 0.857143, 0
2247, 0.857143, 0
2248, 0.857143, 0
2249, 0.857143, 0
2250, 0.857143, 0
2251, 0.857143, 0
2252, 0.857143, 0
2253, 0.857143, 0
2254, 0.857143, 0
2255, 0.857143, 0
2256, 0.857143, 0
2257, 0.857143, 0
2258, 0.857143, 0
2259, 0.857143, 0
2260, 0.857143, 0
2261, 0.857143, 0
2262, 0.857143, 0
2263, 0.857143, 0
2264, 0.857143, 0
2265, 0.857143, 0
2266, 0.857143, 0
2267, 0.857143, 0
2268, 0.857143, 0
2269, 0.857143, 0
2270, 0.857143, 0
2271, 0.857143, 0
2272, 0.857143, 0
2273, 0.857143, 0
2274, 0.857143, 0
2275, 0.857143, 0
2276, 0.857143, 0
2277, 0.857143, 0
2278, 0.857143, 0
2279, 0.857143, 0
2280, 0.857143, 0
2281, 0.857143, 0
2282, 0.857143, 0
2283, 0.857143, 0
2284, 0.857143, 0
2285, 0.857143, 0
2286, 0.857143, 0
2287, 0.857143, 0
2288, 0.857143, 0
2289, 0.857143, 0
2290, 0.857143, 0
2291, 0.857143, 0
2292, 0.857143, 0
2293, 0.857143, 0
2294, 0.857143, 0
2295, 0.857143, 0
2296, 0.857143, 0
2297, 0.857143, 0
2298, 0.857143, 0
2299, 0.857143, 0
2300, 0.857143, 0
2301, 0.857143, 0
2302, 0.857143, 0
2303, 0.857143, 0
2304, 0.857143, 0
2305, 0.857143, 0
2306, 0.857143, 0
2307, 0.857143, 0
2308, 0.857143, 0
2309, 0.857143, 0
2310, 0.857143, 0
2311, 0.857143, 0
2312, 0.857143, 0
2313, 0.857143, 0
2314, 0.857143, 0
2315, 0.857143, 0
2316, 0.857143, 0
2317, 0.857143, 0
2318, 0.857143, 0
2319, 0.857143, 0
2320, 0.857143, 0
2321, 0.857143, 0
2322, 0.857143, 0
2323, 0.857143, 0
2324, 0.857143, 0
2325, 0.857143, 0
2326, 0.857143, 0
2327, 0.857143, 0
2328, 0.857143, 0
2329, 0.857143, 0
2330, 0.857143, 0
2331, 0.857143, 0
2332, 0.857143, 0
2333, 0.857143, 0
2334, 0.857143, 0
2335, 0.857143, 0
2336, 0.857143, 0
2337, 0.857143, 0
2338, 0.857143, 0
2339, 0.857143, 0
2340, 0.857143, 0
2341, 0.857143, 0
2342, 0.857143, 0
2343, 0.857143, 0
2344, 0.857143, 0
2345, 0.857143, 0
2346, 0.857143, 0
2347, 0.857143, 0
2348, 0.857143, 0
2349, 0.857143, 0
2350, 0.857143, 0
2351, 0.857143, 0
2352, 0.857143, 0
2353, 0.857143, 0
2354, 0.857143, 0
2355, 0.857143, 0
2356, 0.857143, 0
2357, 0.857143, 0
2358, 0.857143, 0
2359, 0.857143, 0
2360, 0.857143, 0
2361, 0.857143, 0
2362, 0.857143, 0
2363, 0.857143, 0
2364, 0.857143, 0
2365, 0.857143, 0
2366, 0.857143, 0
2367, 0.857143, 0
2368, 0.857143, 0
2369, 0.857143, 0
2370, 0.857143, 0
2371, 0.857143, 0
2372, 0.857143, 0
2373, 0.857143, 0
2374, 0.857143, 0
2375, 0.857143, 0
2376, 0.857143, 0
2377, 0.857143, 0
2378, 0.857143, 0
2379, 0.857143, 0
2380, 0.857143, 0
2381, 0.857143, 0
2382, 0.857143, 0
2383, 0.857143, 0
2384, 0.857143, 0
2385, 0.857143, 0
2386, 0.857143, 0
2387, 0.857143, 0
2388, 0.857143, 0
2389, 0.857143, 0
2390, 0.857143, 0
2391, 0.857143, 0
2392, 0.857143, 0
2393, 0.857143, 0
2394, 0.857143, 0
2395, 0.857143, 0
2396, 0.857143, 0
2397, 0.857143, 0
2398, 0.857143, 0
2399, 0.857143, 0
2400, 0.857143, 0
2401, 0.428571, 0
2402, 0.428571, 0
2403, 0.428571, 0
2404, 0.428571, 0
2405, 0.428571, 0
2406, 0.428571, 0
2407, 0.428571, 0
2408, 0.428571, 0
2409, 0.428571, 0
2410, 0.428571, 0
2411, 0.428571, 0
2412, 0.428571, 0
2413, 0.428571, 0
2414, 0.428571, 0
2415, 0.428571, 0
2416, 0.428571, 0
2417, 0.428571, 0
2418, 0.428571, 0
2419, 0.428571, 0
2420, 0.428571, 0
2421, 0.428571, 0
2422, 0.428571, 0
2423, 0.428571, 0
2424, 0.428571, 0
2425, 0.428571, 0
2426, 0.428571, 0
2427, 0.428571, 0
2428, 0.428571, 0
2429, 0.428571, 0
2430, 0.428571, 0
2431, 0.428571, 0
2432, 0.428571, 0
2433, 0.428571, 0
2434, 0.428571, 0
2435, 0.428571, 0
2436, 0.428571, 0
2437, 0.428571, 0
2438, 0.428571, 0
2439, 0.428571, 0
2440, 0.428571, 0
2441, 0.428571, 0
2442, 0.428571, 0
2443, 0.428571, 0
2444, 0.428571, 0
2445, 0.428571, 0
2446, 0.428571, 0
2447, 0.428571, 0
2448, 0.428571, 0
2449, 0.428571, 0
2450, 0.428571, 0
2451, 0.428571, 0
2452, 0.428571, 0
2453, 0.428571, 0
2454, 0.428571, 0
2455, 0.428571, 0
2456, 0.428571, 0
2457, 0.428571, 0
2458, 0.428571, 0
2459, 0.428571, 0
2460, 0.428571, 0
2461, 0.428571, 0
2462, 0.428571, 0
2463, 0.428571, 0
2464, 0.428571, 0
2465, 0.428571, 0
2466, 0.428571, 0
2467, 0.428571, 0
2468, 0.428571, 0
2469, 0.428571, 0
2470, 0.428571, 0
2471, 0.428571, 0
2472, 0.428571, 0
2473, 0.428571, 0
2474, 0.428571, 0
2475, 0.428571, 0
2476, 0.428571, 0
2477, 0.428571, 0
2478, 0.428571, 0
2479, 0.428571, 0
2480, 0.428571, 0
2481, 0.428571, 0
2482, 0.428571, 0
2483, 0.428571, 0
2484, 0.428571, 0
2485, 0.428571, 0
2486, 0.428571, 0
2487, 0.428571, 0
2488, 0.428571, 0
2489, 0.428571, 0
2490, 0.428571, 0
2491, 0.428571, 0
2492, 0.428571, 0
2493, 0.428571, 0
2494, 0.428571, 0
2495, 0.428571, 0
2496, 0.428571, 0
2497, 0.428571, 0
2498, 0.428571, 0
2499, 0.428571, 0
2500, 0.428571, 0
2501, 0.428571, 0
2502, 0.428571, 0
2503, 0.428571, 0
2504, 0.428571, 0
2505, 0.428571, 0
2506, 0.428571, 0
2507, 0.428571, 0
2508, 0.428571, 0
2509, 0.428571, 0
2510, 0.428571, 0
2511, 0.428571, 0
2512, 0.428571, 0
2513, 0.428571, 0
2514, 0.428571, 0
2515, 0.428571, 0
2516, 0.428571, 0
2517, 0.428571, 0
2518, 0.428571, 0
2519, 0.428571, 0
2520, 0.428571, 0
2521, 0.428571, 0
2522, 0.428571, 0
2523, 0.428571, 0
2524, 0.428571, 0
2525, 0.428571, 0
2526, 0.428571, 0
2527, 0.428571, 0
2528, 0.428571, 0
2529, 0.428571, 0
2530, 0.428571, 0
2531, 0.428571, 0
2532, 0.428571, 0
2533, 0.428571, 0
2534, 0.428571, 0
2535, 0.428571, 0
2536, 0.428571, 0
2537, 0.428571, 0
2538, 0.428571, 0
2539, 0.428571, 0
2540, 0.428571, 0
2541, 0.428571, 0
2542, 0.428571, 0
2543, 0.428571, 0
2544, 0.428571, 0
2545, 0.428571, 0
2546, 0.428571, 0
2547, 0.428571, 0
2548, 0.428571, 0
2549, 0.428571, 0
2550, 0.428571, 0
2551, 0.428571, 0
2552, 0.428571, 0
2553, 0.428571, 0
2554, 0.428571, 0
2555, 0.428571, 0
2556, 0.428571, 0
2557, 0.428571, 0
2558, 0.428571, 0
2559, 0.428571, 0
2560, 0.428571, 0
2561, 0.428571, 0
2562, 0.428571, 0
2563, 0.428571, 0
2564, 0.428571, 0
2565, 0.428571, 0
2566, 0.428571, 0
2567, 0.428571, 0
2568, 0.428571, 0
2569, 0.428571, 0
2570, 0.428571, 0
2571, 0.428571, 0
2572, 0.428571, 0
2573, 0.428571, 0
2574, 0.428571, 0
2575, 0.428571, 0
2576, 0.428571, 0
2577, 0.428571, 0
2578, 0.428571, 0
2579, 0.428571, 0
2580, 0.428571, 0
2581, 0.428571, 0
2582, 0.428571, 0
2583, 0.428571, 0
2584, 0.428571, 0
2585, 0.428571, 0
2586, 0.428571, 0
2587, 0.428571, 0
2588, 0.428571, 0
2589, 0.428571, 0
2590, 0.428571, 0
2591, 0.428571, 0
2592, 0.428571, 0
2593, 0.428571, 0
2594, 0.428571, 0
2595, 0.428571, 0
2596, 0.428571, 0
2597, 0.428571, 0
2598, 0.428571, 0
2599, 0.428571, 0
2600, 0.428571, 0
2601, 0.428571, 0
2602, 0.428571, 0
2603, 0.428571, 0
2604, 0.428571, 0
2605, 0.428571, 0
2606, 0.428571, 0
2607, 0.428571, 0
2608, 0.428571, 0
2609, 0.428571, 0
2610, 0.428571, 0
2611, 0.428571, 0
2612, 0.428571, 0
2613, 0.428571, 0
2614, 0.428571, 0
2615, 0.428571, 0
2616, 0.428571, 0
2617, 0.428571, 0
2618, 0.428571, 0
2619, 0.428571, 0
2620, 0.428571, 0
2621, 0.428571, 0
2622, 0.428571, 0
2623, 0.428571, 0
2624, 0.428571, 0
2625, 0.428571, 0
2626, 0.428571, 0
2627, 0.428571, 0
2628, 0.428571, 0
2629, 0.428571, 0
2630, 0.428571, 0
2631, 0.428571, 0
2632, 0.428571, 0
2633, 0.428571, 0
2634, 0.428571, 0
2635, 0.428571, 0
2636, 0.428571, 0
2637, 0.428571, 0
2638, 0.428571, 0
2639, 0.428571, 0
2640, 0.428571, 0
2641, 0.428571, 0
2642, 0.428571, 0
2643, 0.428571, 0
2644, 0.428571, 0
2645, 0.428571, 0
2646, 0.428571, 0
2647, 0.428571, 0
2648, 0.428571, 0
2649, 0.428571, 0
2650, 0.428571, 0
2651, 0.428571, 0
2652, 0.428571, 0
2653, 0.428571, 0
2654, 0.428571, 0
2655, 0.428571, 0
2656, 0.428571, 0
2657, 0.428571, 0
2658, 0.428571, 0
2659, 0.428571, 0
2660, 0.428571, 0
2661, 0.428571, 0
2662, 0.428571, 0
2663, 0.428571, 0
2664, 0.428571, 0
2665, 0.428571, 0
2666, 0.428571, 0
2667, 0.428571, 0
2668, 0.428571, 0
2669, 0.428571, 0
2670, 0.428571, 0
2671, 0.428571, 0
2672, 0.428571, 0
2673, 0.428571, 0
2674, 0.428571, 0
2675, 0.428571, 0
2676, 0.428571, 0
2677, 0.428571, 0
2678, 0.428571, 0
2679, 0.428571, 0
2680, 0.428571, 0
2681, 0.428571, 0
2682, 0.428571, 0
2683, 0.428571, 0
2684, 0.428571, 0
2685, 0.428571, 0
2686, 0.428571, 0
2687, 0.428571, 0
2688, 0.428571, 0
2689, 0.428571, 0
2690, 0.428571, 0
2691, 0.428571, 0
2692, 0.428571, 0
2693, 0.428571, 0
2694, 0.428571, 0
2695, 0.428571, 0
2696, 0.428571, 0
2697, 0.428571, 0
2698, 0.428571, 0
2699, 0.428571, 0
2700, 0.428571, 0
2701, 0.428571, 0
2702, 0.428571, 0
2703, 0.428571, 0
2704, 0.428571, 0
2705, 0.428571, 0
2706, 0.428571, 0
2707, 0.428571, 0
2708, 0.428571, 0
2709, 0.428571, 0
2710, 0.428571, 0
2711, 0.428571, 0
2712, 0.428571, 0
2713, 0.428571, 0
2714, 0.428571, 0
2715, 0.428571, 0
2716, 0.428571, 0
2717, 0.428571, 0
2718, 0.428571, 0
2719, 0.428571, 0
2720, 0.428571, 0
2721, 0.428571, 0
2722, 0.428571, 0
2723, 0.428571, 0
2724, 0.428571, 0
2725, 0.428571, 0
2726, 0.428571, 0
2727, 0.428571, 0
2728, 0.428571, 0
2729, 0.428571, 0
2730, 0.428571, 0
2731, 0.428571, 0
2732, 0.428571, 0
2733, 0.428571, 0
2734, 0.428571, 0
2735, 0.428571, 0
2736, 0.428571, 0
2737, 0.428571, 0
2738, 0.428571, 0
2739, 0.428571, 0
2740, 0.428571, 0
2741, 0.428571, 0
2742, 0.428571, 0
2743, 0.428571, 0
2744, 0.428571, 0
2745, 0.428571, 0
2746, 0.428571, 0
2747, 0.428571, 0
2748, 0.428571, 0
2749, 0.428571, 0
2750, 0.428571, 0
2751, 0.428571, 0
2752, 0.428571, 0
2753, 0.428571, 0
2754, 0.428571, 0
2755, 0.428571, 0
2756, 0.428571, 0
2757, 0.428571, 0
2758, 0.428571, 0
2759, 0.428571, 0
2760, 0.428571, 0
2761, 0.428571, 0
2762, 0.428571, 0
2763, 0.428571, 0
2764, 0.428571, 0
2765, 0.428571, 0
2766, 0.428571, 0
2767, 0.428571, 0
2768, 0.428571, 0
2769, 0.428571, 0
2770, 0.428571, 0
2771, 0.428571, 0
2772, 0.428571, 0
2773, 0.428571, 0
2774, 0.428571, 0
2775, 0.428571, 0
2776, 0.428571, 0
2777, 0.428571, 0
2778, 0.428571, 0
2779, 0.428571, 0
2780, 0.428571, 0
2781, 0.428571, 0
2782, 0.428571, 0
2783, 0.428571, 0
2784, 0.428571, 0
2785, 0.428571, 0
2786, 0.428571, 0
2787, 0.428571, 0
2788, 0.428571, 0
2789, 0.428571, 0
2790, 0.428571, 0
2791, 0.428571, 0
2792, 0.428571, 0
2793, 0.428571, 0
2794, 0.428571, 0
2795, 0.428571, 0
2796, 0.428571, 0
2797, 0.428571, 0
2798, 0.428571, 0
2799, 0.428571, 0
2800, 0.428571, 0
2801, 0.428571, 0
2802, 0.428571, 0
2803, 0.428571, 0
2804, 0.428571, 0
2805, 0.428571, 0
2806, 0.428571, 0
2807, 0.428571, 0
2808, 0.428571, 0
2809, 0.428571, 0
2810, 0.428571, 0
2811, 0.428571, 0
2812, 0.428571, 0
2813, 0.428571, 0
2814, 0.428571, 0
2815, 0.428571, 0
2816, 0.428571, 0
2817, 0.428571, 0
2818, 0.428571, 0
2819, 0.428571, 0
2820, 0.428571, 0
2821, 0.428571, 0
2822, 0.428571, 0
2823, 0.428571, 0
2824, 0.428571, 0
2825, 0.428571, 0
2826, 0.428571, 0
2827, 0.428571, 0
2828, 0.428571, 0
2829, 0.428571, 0
2830, 0.428571, 0
2831, 0.428571, 0
2832, 0.428571, 0
2833, 0.428571, 0
2834, 0.428571, 0
2835, 0.428571, 0
2836, 0.428571, 0
2837, 0.428571, 0
2838, 0.428571, 0
2839, 0.428571, 0
2840, 0.428571, 0
2841, 0.428571, 0
2842, 0.428571, 0
2843, 0.428571, 0
2844, 0.428571, 0
2845, 0.428571, 0
2846, 0.428571, 0
2847, 0.428571, 0
2848, 0.428571, 0
2849, 0.428571, 0
2850, 0.428571, 0
2851, 0.428571, 0
2852, 0.428571, 0
2853, 0.428571, 0
2854, 0.428571, 0
2855, 0.428571, 0
2856, 0.428571, 0
2857, 0.428571, 0
2858, 0.428571, 0
2859, 0.428571, 0
2860, 0.428571, 0
2861, 0.428571, 0
2862, 0.428571, 0
2863, 0.428571, 0
2864, 0.428571, 0
2865, 0.428571, 0
2866, 0.428571, 0
2867, 0.428571, 0
2868, 0.428571, 0
2869, 0.428571, 0
2870, 0.428571, 0
2871, 0.428571, 0
2872, 0.428571, 0
2873, 0.428571, 0
2874, 0.428571, 0
2875, 0.428571, 0
2876, 0.428571, 0
2877, 0.428571, 0
2878, 0.428571, 0
2879, 0.428571, 0
2880, 0.428571, 0
2881, 0.428571, 0
2882, 0.428571, 0
2883, 0.428571, 0
2884, 0.428571, 0
2885, 0.428571, 0
2886, 0.428571, 0
2887, 0.428571, 0
2888, 0.428571, 0
2889, 0.428571, 0
2890, 0.428571, 0
2891, 0.428571, 0
2892, 0.428571, 0
2893, 0.428571, 0
2894, 0.428571, 0
2895, 0.428571, 0
2896, 0.428571, 0
2897, 0.428571, 0
2898, 0.428571, 0
2899, 0.428571, 0
2900, 0.428571, 0
2901, 0.428571, 0
2902, 0.428571, 0
2903, 0.428571, 0
2904, 0.428571, 0
2905, 0.428571, 0
2906, 0.428571, 0
2907, 0.428571, 0
2908, 0.428571, 0
2909, 0.428571, 0
2910, 0.428571, 0
2911, 0.428571, 0
2912, 0.428571, 0
2913, 0.428571, 0
2914, 0.428571, 0
2915, 0.428571, 0
2916, 0.428571, 0
2917, 0.428571, 0
2918, 0.428571, 0
2919, 0.428571, 0
2920, 0.428571, 0
2921, 0.428571, 0
2922, 0.428571, 0
2923, 0.428571, 0
2924, 0.428571, 0
2925, 0.428571, 0
2926, 0.428571, 0
2927, 0.428571, 0
2928, 0.428571, 0
2929, 0.428571, 0
2930, 0.428571, 0
2931, 0.428571, 0
2932, 0.428571, 0
2933, 0.428571, 0
2934, 0.428571, 0
2935, 0.428571, 0
2936, 0.428571, 0
2937, 0.428571, 0
2938, 0.428571, 0
2939, 0.428571, 0
2940, 0.428571, 0
2941, 0.428571, 0
2942, 0.428571, 0
2943, 0.428571, 0
2944, 0.428571, 0
2945, 0.428571, 0
2946, 0.428571, 0
2947, 0.428571, 0
2948, 0.428571, 0
2949, 0.428571, 0
2950, 0.428571, 0
2951, 0.428571, 0
2952, 0.428571, 0
2953, 0.428571, 0
2954, 0.428571, 0
2955, 0.428571, 0
2956, 0.428571, 0
2957, 0.428571, 0
2958, 0.428571, 0
2959, 0.428571, 0
2960, 0.428571, 0
2961, 0.428571, 0
2962, 0.428571, 0
2963, 0.428571, 0
2964, 0.428571, 0
2965, 0.428571, 0
2966, 0.428571, 0
2967, 0.428571, 0
2968, 0.428571, 0
2969, 0.428571, 0
2970, 0.428571, 0
2971, 0.428571, 0
2972, 0.428571, 0
2973, 0.428571, 0
2974, 0.428571, 0
2975, 0.428571, 0
2976, 0.428571, 0
2977, 0.428571, 0
2978, 0.428571, 0
2979, 0.428571, 0
2980, 0.428571, 0
2981, 0.428571, 0
2982, 0.428571, 0
2983, 0.428571, 0
2984, 0.428571, 0
2985, 0.428571, 0
2986, 0.428571, 0
2987, 0.428571, 0
2988, 0.428571, 0
2989, 0.428571, 0
2990, 0.428571, 0
2991, 0.428571, 0
2992, 0.428571, 0
2993, 0.428571, 0
2994, 0.428571, 0
2995, 0.428571, 0
2996, 0.428571, 0
2997, 0.428571, 0
2998, 0.428571, 0
2999, 0.428571, 0
3000, 0.428571, 0
3001, 1, 0
3002, 1, 0
3003, 1, 0
3004, 1, 0
3005, 1, 0
3006, 1, 0
3007, 1, 0
3008, 1, 0
3009, 1, 0
3010, 1, 0
3011, 1, 0
3012, 1, 0
3013, 1, 0
3014, 1, 0
3015, 1, 0
3016, 1, 0
3017, 1, 0
3018, 1, 0
3019, 1, 0
3020, 1, 0
3021, 1, 0
3022, 1, 0
3023, 1, 0
3024, 1, 0
3025, 1, 0
3026, 1, 0
3027, 1, 0
3028, 1, 0
3029, 1, 0
3030, 1, 0
3031, 1, 0
3032, 1, 0
3033, 1, 0
3034, 1, 0
3035, 1, 0
3036, 1, 0
3037, 1, 0
3038, 1, 0
3039, 1, 0
3040, 1, 0
3041, 1, 0
3042, 1, 0
3043, 1, 0
3044, 1, 0
3045, 1, 0
3046, 1, 0
3047, 1, 0
3048, 1, 0
3049, 1, 0
3050, 1, 0
3051, 1, 0
3052, 1, 0
3053, 1, 0
3054, 1, 0
3055, 1, 0
3056, 1, 0
3057, 1, 0
3058, 1, 0
3059, 1, 0
3060, 1, 0
3061, 1, 0
3062, 1, 0
3063, 1, 0
3064, 1, 0
3065, 1, 0
3066, 1, 0
3067, 1, 0
3068, 1, 0
3069, 1, 0
3070, 1, 0
3071, 1, 0
3072, 1, 0
3073, 1, 0
3074, 1, 0
3075, 1, 0
3076, 1, 0
3077, 1, 0
3078, 1, 0
3079, 1, 0
3080, 1, 0
3081, 1, 0
3082, 1, 0
3083, 1, 0
3084, 1, 0
3085, 1, 0
3086, 1, 0
3087, 1, 0
3088, 1, 0
3089, 1, 0
3090, 1, 0
3091, 1, 0
3092, 1, 0
3093, 1, 0
3094, 1, 0
3095, 1, 0
3096, 1, 0
3097, 1, 0
3098, 1, 0
3099, 1, 0
3100, 1, 0
3101, 1, 0
3102, 1, 0
3103, 1, 0
3104, 1, 0
3105, 1, 0
3106, 1, 0
3107, 1, 0
3108, 1, 0
3109, 1, 0
3110, 1, 0
3111, 1, 0
3112, 1, 0
3113, 1, 0
3114, 1, 0
3115, 1, 0
3116, 1, 0
3117, 1, 0
3118, 1, 0
3119, 1, 0
3120, 1, 0
3121, 1, 0
3122, 1, 0
3123, 1, 0
3124, 1, 0
3125, 1, 0
3126, 1, 0
3127, 1, 0
3128, 1, 0
3129, 1, 0
3130, 1, 0
3131, 1, 0
3132, 1, 0
3133, 1, 0
3134, 1, 0
3135, 1, 0
3136, 1, 0
3137, 1, 0
3138, 1, 0
3139, 1, 0
3140, 1, 0
3141, 1, 0
3142, 1, 0
3143, 1, 0
3144, 1, 0
3145, 1, 0
3146, 1, 0
3147, 1, 0
3148, 1, 0
3149, 1, 0
3150, 1, 0
3151, 1, 0
3152, 1, 0
3153, 1, 0
3154, 1, 0
3155, 1, 0
3156, 1, 0
3157, 1, 0
3158, 1, 0
3159, 1, 0
3160, 1, 0
3161, 1, 0
3162, 1, 0
3163, 1, 0
3164, 1, 0
3165, 1, 0
3166, 1, 0
3167, 1, 0
3168, 1, 0
3169, 1, 0
3170, 1, 0
3171, 1, 0
3172, 1, 0
3173, 1, 0
3174, 1, 0
3175, 1, 0
3176, 1, 0
3177, 1, 0
3178, 1, 0
3179, 1, 0
3180, 1, 0
3181, 1, 0
3182, 1, 0
3183, 1, 0
3184, 1, 0
3185, 1, 0
3186, 1, 0
3187, 1, 0
3188, 1, 0
3189, 1, 0
3190, 1, 0
3191, 1, 0
3192, 1, 0
3193, 1, 0
3194, 1, 0
3195, 1, 0
3196, 1, 0
3197, 1, 0
3198, 1, 0
3199, 1, 0
3200, 1, 0
3201, 1, 0
3202, 1, 0
3203, 1, 0
3204, 1, 0
3205, 1, 0
3206, 1, 0
3207, 1, 0
3208, 1, 0
3209, 1, 0
3210, 1, 0
3211, 1, 0
3212, 1, 0
3213, 1, 0
3214, 1, 0
3215, 1, 0
3216, 1, 0
3217, 1, 0
3218, 1, 0
3219, 1, 0
3220, 1, 0
3221, 1, 0
3222, 1, 0
3223, 1, 0
3224, 1, 0
3225, 1, 0
3226, 1, 0
3227, 1, 0
3228, 1, 0
3229, 1, 0
3230, 1, 0
3231, 1, 0
3232, 1, 0
3233, 1, 0
3234, 1, 0
3235, 1, 0
3236, 1, 0
3237, 1, 0
3238, 1, 0
3239, 1, 0
3240, 1, 0
3241, 1, 0
3242, 1, 0
3243, 1, 0
3244, 1, 0
3245, 1, 0
3246, 1, 0
3247, 1, 0
3248, 1, 0
3249, 1, 0
3250, 1, 0
3251, 1, 0
3252, 1, 0
3253, 1, 0
3254, 1, 0
3255, 1, 0
3256, 1, 0
3257, 1, 0
3258, 1, 0
3259, 1, 0
3260, 1, 0
3261, 1, 0
3262, 1, 0
3263, 1, 0
3264, 1, 0
3265, 1, 0
3266, 1, 0
3267, 1, 0
3268, 1, 0
3269, 1, 0
3270, 1, 0
3271, 1, 0
3272, 1, 0
3273, 1, 0
3274, 1, 0
3275, 1, 0
3276, 1, 0
3277, 1, 0
3278, 1, 0
3279, 1, 0
3280, 1, 0
3281, 1, 0
3282, 1, 0
3283, 1, 0
3284, 1, 0
3285, 1, 0
3286, 1, 0
3287, 1, 0
3288, 1, 0
3289, 1, 0
3290, 1, 0
3291, 1, 0
3292, 1, 0
3293, 1, 0
3294, 1, 0
3295, 1, 0
3296, 1, 0
3297, 1, 0
3298, 1, 0
3299, 1, 0
3300, 1, 0
3301, 1, 0
3302, 1, 0
3303, 1, 0
3304, 1, 0
3305, 1, 0
3306, 1, 0
3307, 1, 0
3308, 1, 0
3309, 1, 0
3310, 1, 0
3311, 1, 0
3312, 1, 0
3313, 1, 0
3314, 1, 0
3315, 1, 0
3316, 1, 0
3317, 1, 0
3318, 1, 0
3319, 1, 0
3320, 1, 0
3321, 1, 0
3322, 1, 0
3323, 1, 0
3324, 1, 0
3325, 1, 0
3326, 1, 0
3327, 1, 0
3328, 1, 0
3329, 1, 0
3330, 1, 0
3331, 1, 0
3332, 1, 0
3333, 1, 0
3334, 1, 0
3335, 1, 0
3336, 1, 0
3337, 1, 0
3338, 1, 0
3339, 1, 0
3340, 1, 0
3341, 1, 0
3342, 1, 0
3343, 1, 0
3344, 1, 0
3345, 1, 0
3346, 1, 0
3347, 1, 0
3348, 1, 0
3349, 1, 0
3350, 1, 0
3351, 1, 0
3352, 1, 0
3353, 1, 0
3354, 1, 0
3355, 1, 0
3356, 1, 0
3357, 1, 0
3358, 1, 0
3359, 1, 0
3360, 1, 0
3361, 1, 0
3362, 1, 0
3363, 1, 0
3364, 1, 0
3365, 1, 0
3366, 1, 0
3367, 1, 0
3368, 1, 0
3369, 1, 0
3370, 1, 0
3371, 1, 0
3372, 1, 0
3373, 1, 0
3374, 1, 0
3375, 1, 0
3376, 1, 0
3377, 1, 0
3378, 1, 0
3379, 1, 0
3380, 1, 0
3381, 1, 0
3382, 1, 0
3383, 1, 0
3384, 1, 0
3385, 1, 0
3386, 1, 0
3387, 1, 0
3388, 1, 0
3389, 1, 0
3390, 1, 0
3391, 1, 0
3392, 1, 0
3393, 1, 0
3394, 1, 0
3395, 1, 0
3396, 1, 0
3397, 1, 0
3398, 1, 0
3399, 1, 0
3400, 1, 0
3401, 1, 0
3402, 1, 0
3403, 1, 0
3404, 1, 0
3405, 1, 0
3406, 1, 0
3407, 1, 0
3408, 1, 0
3409, 1, 0
3410, 1, 0
3411, 1, 0
3412, 1, 0
3413, 1, 0
3414, 1, 0
3415, 1, 0
3416, 1, 0
3417, 1, 0
3418, 1, 0
3419, 1, 0
3420, 1, 0
3421, 1, 0
3422, 1, 0
3423, 1, 0
3424, 1, 0
3425, 1, 0
3426, 1, 0
3427, 1, 0
3428, 1, 0
3429, 1, 0
3430, 1, 0
3431, 1, 0
3432, 1, 0
3433, 1, 0
3434, 1, 0
3435, 1, 0
3436, 1, 0
3437, 1, 0
3438, 1, 0
3439, 1, 0
3440, 1, 0
3441, 1, 0
3442, 1, 0
3443, 1, 0
3444, 1, 0
3445, 1, 0
3446, 1, 0
3447, 1, 0
3448, 1, 0
3449, 1, 0
3450, 1, 0
3451, 1, 0
3452, 1, 0
3453, 1, 0
3454, 1, 0
3455, 1, 0
3456, 1, 0
3457, 1, 0
3458, 1, 0
3459, 1, 0
3460, 1, 0
3461, 1, 0
3462, 1, 0
3463, 1, 0
3464, 1, 0
3465, 1, 0
3466, 1, 0
3467, 1, 0
3468, 1, 0
3469, 1, 0
3470, 1, 0
3471, 1, 0
3472, 1, 0
3473, 1, 0
3474, 1, 0
3475, 1, 0
3476, 1, 0
3477, 1, 0
3478, 1, 0
3479, 1, 0
3480, 1, 0
3481, 1, 0
3482, 1, 0
3483, 1, 0
3484, 1, 0
3485, 1, 0
3486, 1, 0
3487, 1, 0
3488, 1, 0
3489, 1, 0
3490, 1, 0
3491, 1, 0
3492, 1, 0
3493, 1, 0
3494, 1, 0
3495, 1, 0
3496, 1, 0
3497, 1, 0
3498, 1, 0
3499, 1, 0
3500, 1, 0
3501, 1, 0
3502, 1, 0
3503, 1, 0
3504, 1, 0
3505, 1, 0
3506, 1, 0
3507, 1, 0
3508, 1, 0
3509, 1, 0
3510, 1, 0
3511, 1, 0
3512, 1, 0
3513, 1, 0
3514, 1, 0
3515, 1, 0
3516, 1, 0
3517, 1, 0
3518, 1, 0
3519, 1, 0
3520, 1, 0
3521, 1, 0
3522, 1, 0
3523, 1, 0
3524, 1, 0
3525, 1, 0
3526, 1, 0
3527, 1, 0
3528, 1, 0
3529, 1, 0
3530, 1, 0
3531, 1, 0
3532, 1, 0
3533, 1, 0
3534, 1, 0
3535, 1, 0
3536, 1, 0
3537, 1, 0
3538, 1, 0
3539, 1, 0
3540, 1, 0
3541, 1, 0
3542, 1, 0
3543, 1, 0
3544, 1, 0
3545, 1, 0
3546, 1, 0
3547, 1, 0
3548, 1, 0
3549, 1, 0
3550, 1, 0
3551, 1, 0
3552, 1, 0
3553, 1, 0
3554, 1, 0
3555, 1, 0
3556, 1, 0
3557, 1, 0
3558, 1, 0
3559, 1, 0
3560, 1, 0
3561, 1, 0
3562, 1, 0
3563, 1, 0
3564, 1, 0
3565, 1, 0
3566, 1, 0
3567, 1, 0
3568, 1, 0
3569, 1, 0
3570, 1, 0
3571, 1, 0
3572, 1, 0
3573, 1, 0
3574, 1, 0
3575, 1, 0
3576, 1, 0
3577, 1, 0
3578, 1, 0
3579, 1, 0
3580, 1, 0
3581, 1, 0
3582, 1, 0
3583, 1, 0
3584, 1, 0
3585, 1, 0
3586, 1, 0
3587, 1, 0
3588, 1, 0
3589, 1, 0
3590, 1, 0
3591, 1, 0
3592, 1, 0
3593, 1, 0
3594, 1, 0
3595, 1, 0
3596, 1, 0
3597, 1, 0
3598, 1, 0
3599, 1, 0
3600, 1, 0
3601, 1.57143, 0
3602, 1.57143, 0
3603, 1.57143, 0
3604, 1.57143, 0
3605, 1.57143, 0
3606, 1.57143, 0
3607, 1.57143, 0
3608, 1.57143, 0
3609, 1.57143, 0
3610, 1.57143, 0
3611, 1.57143, 0
3612, 1.57143, 0
3613, 1.57143, 0
3614, 1.57143, 0
3615, 1.57143, 0
3616, 1.57143, 0
3617, 1.57143, 0
3618, 1.57143, 0
3619, 1.57143, 0
3620, 1.57143, 0
3621, 1.57143, 0
3622, 1.57143, 0
3623, 1.57143, 0
3624, 1.57143, 0
3625, 1.57143, 0
3626, 1.57143, 0
3627, 1.57143, 0
3628, 1.57143, 0
3629, 1.57143, 0
3630, 1.57143, 0
3631, 1.57143, 0
3632, 1.57143, 0
3633, 1.57143, 0
3634, 1.57143, 0
3635, 1.57143, 0
3636, 1.57143, 0
3637, 1.57143, 0
3638, 1.57143, 0
3639, 1.57143, 0
3640, 1.57143, 0
3641, 1.57143, 0
3642, 1.57143, 0
3643, 1.57143, 0
3644, 1.57143, 0
3645, 1.57143, 0
3646, 1.57143, 0
3647, 1.57143, 0
3648, 1.57143, 0
3649, 1.57143, 0
3650, 1.57143, 0
3651, 1.57143, 0
3652, 1.57143, 0
3653, 1.57143, 0
3654, 1.57143, 0
3655, 1.57143, 0
3656, 1.57143, 0
3657, 1.57143, 0
3658, 1.57143, 0
3659, 1.57143, 0
3660, 1.57143, 0
3661, 1.57143, 0
3662, 1.57143, 0
3663, 1.57143, 0
3664, 1.57143, 0
3665, 1.57143, 0
3666, 1.57143, 0
3667, 1.57143, 0
3668, 1.57143, 0
3669, 1.57143, 0
3670, 1.57143, 0
3671, 1.57143, 0
3672, 1.57143, 0
3673, 1.57143, 0
3674, 1.57143, 0
3675, 1.57143, 0
3676, 1.57143, 0
3677, 1.57143, 0
3678, 1.57143, 0
3679, 1.57143, 0
3680, 1.57143, 0
3681, 1.57143, 0
3682, 1.57143, 0
3683, 1.57143, 0
3684, 1.57143, 0
3685, 1.57143, 0
3686, 1.57143, 0
3687, 1.57143, 0
3688, 1.57143, 0
3689, 1.57143, 0
3690, 1.57143, 0
3691, 1.57143, 0
3692, 1.57143, 0
3693, 1.57143, 0
3694, 1.57143, 0
3695, 1.57143, 0
3696, 1.57143, 0
3697, 1.57143, 0
3698, 1.57143, 0
3699, 1.57143, 0
3700, 1.57143, 0
3701, 1.57143, 0
3702, 1.57143, 0
3703, 1.57143, 0
3704, 1.57143, 0
3705, 1.57143, 0
3706, 1.57143, 0
3707, 1.57143, 0
3708, 1.57143, 0
3709, 1.57143, 0
3710, 1.57143, 0
3711, 1.57143, 0
3712, 1.57143, 0
3713, 1.57143, 0
3714, 1.57143, 0
3715, 1.57143, 0
3716, 1.57143, 0
3717, 1.57143, 0
3718, 1.57143, 0
3719, 1.57143, 0
3720, 1.57143, 0
3721, 1.57143, 0
3722, 1.57143, 0
3723, 1.57143, 0
3724, 1.57143, 0
3725, 1.57143, 0
3726, 1.57143, 0
3727, 1.57143, 0
3728, 1.57143, 0
3729, 1.57143, 0
3730, 1.57143, 0
3731, 1.57143, 0
3732, 1.57143, 0
3733, 1.57143, 0
3734, 1.57143, 0
3735, 1.57143, 0
3736, 1.57143, 0
3737, 1.57143, 0
3738, 1.57143, 0
3739, 1.57143, 0
3740, 1.57143, 0
3741, 1.57143, 0
3742, 1.57143, 0
3743, 1.57143, 0
3744, 1.57143, 0
3745, 1.57143, 0
3746, 1.57143, 0
3747, 1.57143, 0
3748, 1.57143, 0
3749, 1.57143, 0
3750, 1.57143, 0
3751, 1.57143, 0
3752, 1.57143, 0
3753, 1.57143, 0
3754, 1.57143, 0
3755, 1.57143, 0
3756, 1.57143, 0
3757, 1.57143, 0
3758, 1.57143, 0
3759, 1.57143, 0
3760, 1.57143, 0
3761, 1.57143, 0
3762, 1.57143, 0
3763, 1.57143, 0
3764, 1.57143, 0
3765, 1.57143, 0
3766, 1.57143, 0
3767, 1.57143, 0
3768, 1.57143, 0
3769, 1.57143, 0
3770, 1.57143, 0
3771, 1.57143, 0
3772, 1.57143, 0
3773, 1.57143, 0
3774, 1.57143, 0
3775, 1.57143, 0
3776, 1.57143, 0
3777, 1.57143, 0
3778, 1.57143, 0
3779, 1.57143, 0
3780, 1.57143, 0
3781, 1.57143, 0
3782, 1.57143, 0
3783, 1.57143, 0
3784, 1.57143, 0
3785, 1.57143, 0
3786, 1.57143, 0
3787, 1.57143, 0
3788, 1.57143, 0
3789, 1.57143, 0
3790, 1.57143, 0
3791, 1.57143, 0
3792, 1.57143, 0
3793, 1.57143, 0
3794, 1.57143, 0
3795, 1.57143, 0
3796, 1.57143, 0
3797, 1.57143, 0
3798, 1.57143, 0
3799, 1.57143, 0
3800, 1.57143, 0
3801, 1.57143, 0
3802, 1.57143, 0
3803, 1.57143, 0
3804, 1.57143, 0
3805, 1.57143, 0
3806, 1.57143, 0
3807, 1.57143, 0
3808, 1.57143, 0
3809, 1.57143, 0
3810, 1.57143, 0
3811, 1.57143, 0
3812, 1.57143, 0
3813, 1.57143, 0
3814, 1.57143, 0
3815, 1.57143, 0
3816, 1.57143, 0
3817, 1.57143, 0
3818, 1.57143, 0
3819, 1.57143, 0
3820, 1.57143, 0
3821, 1.57143, 0
3822, 1.57143, 0
3823, 1.57143, 0
3824, 1.57143, 0
3825, 1.57143, 0
3826, 1.57143, 0
3827, 1.57143, 0
3828, 1.57143, 0
3829, 1.57143, 0
3830, 1.57143, 0
3831, 1.57143, 0
3832, 1.57143, 0
3833, 1.57143, 0
3834, 1.57143, 0
3835, 1.57143, 0
3836, 1.57143, 0
3837, 1.57143, 0
3838, 1.57143, 0
3839, 1.57143, 0
3840, 1.57143, 0
3841, 1.57143, 0
3842, 1.57143, 0
3843, 1.57143, 0
3844, 1.57143, 0
3845, 1.57143, 0
3846, 1.57143, 0
3847, 1.57143, 0
3848, 1.57143, 0
3849, 1.57143, 0
3850, 1.57143, 0
3851, 1.57143, 0
3852, 1.57143, 0
3853, 1.57143, 0
3854, 1.57143, 0
3855, 1.57143, 0
3856, 1.57143, 0
3857, 1.57143, 0
3858, 1.57143, 0
3859, 1.57143, 0
3860, 1.57143, 0
3861, 1.57143, 0
3862, 1.57143, 0
3863, 1.57143, 0
3864, 1.57143, 0
3865, 1.57143, 0
3866, 1.57143, 0
3867, 1.57143, 0
3868, 1.57143, 0
3869, 1.57143, 0
3870, 1.57143, 0
3871, 1.57143, 0
3872, 1.57143, 0
3873, 1.57143, 0
3874, 1.57143, 0
3875, 1.57143, 0
3876, 1.57143, 0
3877, 1.57143, 0
3878, 1.57143, 0
3879, 1.57143, 0
3880, 1.57143, 0
3881, 1.57143, 0
3882, 1.57143, 0
3883, 1.57143, 0
3884, 1.57143, 0
3885, 1.57143, 0
3886, 1.57143, 0
3887, 1.57143, 0
3888, 1.57143, 0
3889, 1.57143, 0
3890, 1.57143, 0
3891, 1.57143, 0
3892, 1.57143, 0
3893, 1.57143, 0
3894, 1.57143, 0
3895, 1.57143, 0
3896, 1.57143, 0
3897, 1.57143, 0
3898, 1.57143, 0
3899, 1.57143, 0
3900, 1.57143, 0
3901, 1.57143, 0
3902, 1.57143, 0
3903, 1.57143, 0
3904, 1.57143, 0
3905, 1.57143, 0
3906, 1.57143, 0
3907, 1.57143, 0
3908, 1.57143, 0
3909, 1.57143, 0
3910, 1.57143, 0
3911, 1.57143, 0
3912, 1.57143, 0
3913, 1.57143, 0
3914, 1.57143, 0
3915, 1.57143, 0
3916, 1.57143, 0
3917, 1.57143, 0
3918, 1.57143, 0
3919, 1.57143, 0
3920, 1.57143, 0
3921, 1.57143, 0
3922, 1.57143, 0
3923, 1.57143, 0
3924, 1.57143, 0
3925, 1.57143, 0
3926, 1.57143, 0
3927, 1.57143, 0
3928, 1.57143, 0
3929, 1.57143, 0
3930, 1.57143, 0
3931, 1.57143, 0
3932, 1.57143, 0
3933, 1.57143, 0
3934, 1.57143, 0
3935, 1.57143, 0
3936, 1.57143, 0
3937, 1.57143, 0
3938, 1.57143, 0
3939, 1.57143, 0
3940, 1.57143, 0
3941, 1.57143, 0
3942, 1.57143, 0
3943, 1.57143, 0
3944, 1.57143, 0
3945, 1.57143, 0
3946, 1.57143, 0
3947, 1.57143, 0
3948, 1.57143, 0
3949, 1.57143, 0
3950, 1.57143, 0
3951, 1.57143, 0
3952, 1.57143, 0
3953, 1.57143, 0
3954, 1.57143, 0
3955, 1.57143, 0
3956, 1.57143, 0
3957, 1.57143, 0
3958, 1.57143, 0
3959, 1.57143, 0
3960, 1.57143, 0
3961, 1.57143, 0
3962, 1.57143, 0
3963, 1.57143, 0
3964, 1.57143, 0
3965, 1.57143, 0
3966, 1.57143, 0
3967, 1.57143, 0
3968, 1.57143, 0
3969, 1.57143, 0
3970, 1.57143, 0
3971, 1.57143, 0
3972, 1.57143, 0
3973, 1.57143, 0
3974, 1.57143, 0
3975, 1.57143, 0
3976, 1.57143, 0
3977, 1.57143, 0
3978, 1.57143, 0
3979, 1.57143, 0
3980, 1.57143, 0
3981, 1.57143, 0
3982, 1.57143, 0
3983, 1.57143, 0
3984, 1.57143, 0
3985, 1.57143, 0
3986, 1.57143, 0
3987, 1.57143, 0
3988, 1.57143, 0
3989, 1.57143, 0
3990, 1.57143, 0
3991, 1.57143, 0
3992, 1.57143, 0
3993, 1.57143, 0
3994, 1.57143, 0
3995, 1.57143, 0
3996, 1.57143, 0
3997, 1.57143, 0
3998, 1.57143, 0
3999, 1.57143, 0
4000, 1.57143, 0
4001, 1.57143, 0
4002, 1.57143, 0
4003, 1.57143, 0
4004, 1.57143, 0
4005, 1.57143, 0
4006, 1.57143, 0
4007, 1.57143, 0
4008, 1.57143, 0
4009, 1.57143, 0
4010, 1.57143, 0
4011, 1.57143, 0
4012, 1.57143, 0
4013, 1.57143, 0
4014, 1.57143, 0
4015, 1.57143, 0
4016, 1.57143, 0
4017, 1.57143, 0
4018, 1.57143, 0
4019, 1.57143, 0
4020, 1.57143, 0
4021, 1.57143, 0
4022, 1.57143, 0
4023, 1.57143, 0
4024, 1.57143, 0
4025, 1.57143, 0
4026, 1.57143, 0
4027, 1.57143, 0
4028, 1.57143, 0
4029, 1.57143, 0
4030, 1.57143, 0
4031, 1.57143, 0
4032, 1.57143, 0
4033, 1.57143, 0
4034, 1.57143, 0
4035, 1.57143, 0
4036, 1.57143, 0
4037, 1.57143, 0
4038, 1.57143, 0
4039, 1.57143, 0
4040, 1.57143, 0
4041, 1.57143, 0
4042, 1.57143, 0
4043, 1.57143, 0
4044, 1.57143, 0
4045, 1.57143, 0
4046, 1.57143, 0
4047, 1.57143, 0
4048, 1.57143, 0
4049, 1.57143, 0
4050, 1.57143, 0
4051, 1.57143, 0
4052, 1.57143, 0
4053, 1.57143, 0
4054, 1.57143, 0
4055, 1.57143, 0
4056, 1.57143, 0
4057, 1.57143, 0
4058, 1.57143, 0
4059, 1.57143, 0
4060, 1.57143, 0
4061, 1.57143, 0
4062, 1.57143, 0
4063, 1.57143, 0
4064, 1.57143, 0
4065, 1.57143, 0
4066, 1.57143, 0
4067, 1.57143, 0
4068, 1.57143, 0
4069, 1.57143, 0
4070, 1.57143, 0
4071, 1.57143, 0
4072, 1.57143, 0
4073, 1.57143, 0
4074, 1.57143, 0
4075, 1.57143, 0
4076, 1.57143, 0
4077, 1.57143, 0
4078, 1.57143, 0
4079, 1.57143, 0
4080, 1.57143, 0
4081, 1.57143, 0
4082, 1.57143, 0
4083, 1.57143, 0
4084, 1.57143, 0
4085, 1.57143, 0
4086, 1.57143, 0
4087, 1.57143, 0
4088, 1.57143, 0
4089, 1.57143, 0
4090, 1.57143, 0
4091, 1.57143, 0
4092, 1.57143, 0
4093, 1.57143, 0
4094, 1.57143, 0
4095, 1.57143, 0
4096, 1.57143, 0
4097, 1.57143, 0
4098, 1.57143, 0
4099, 1.57143, 0
4100, 1.57143, 0
4101, 1.57143, 0
4102, 1.57143, 0
4103, 1.57143, 0
4104, 1.57143, 0
4105, 1.57143, 0
4106, 1.57143, 0
4107, 1.57143, 0
4108, 1.57143, 0
4109, 1.57143, 0
4110, 1.57143, 0
4111, 1.57143, 0
4112, 1.57143, 0
4113, 1.57143, 0
4114, 1.57143, 0
4115, 1.57143, 0
4116, 1.57143, 0
4117, 1.57143, 0
4118, 1.57143, 0
4119, 1.57143, 0
4120, 1.57143, 0
4121, 1.57143, 0
4122, 1.57143, 0
4123, 1.57143, 0
4124, 1.57143, 0
4125, 1.57143, 0
4126, 1.57143, 0
4127, 1.57143, 0
4128, 1.57143, 0
4129, 1.57143, 0
4130, 1.57143, 0
4131, 1.57143, 0
4132, 1.57143, 0
4133, 1.57143, 0
4134, 1.57143, 0
4135, 1.57143, 0
4136, 1.57143, 0
4137, 1.57143, 0
4138, 1.57143, 0
4139, 1.57143, 0
4140, 1.57143, 0
4141, 1.57143, 0
4142, 1.57143, 0
4143, 1.57143, 0
4144, 1.57143, 0
4145, 1.57143, 0
4146, 1.57143, 0
4147, 1.57143, 0
4148, 1.57143, 0
4149, 1.57143, 0
4150, 1.57143, 0
4151, 1.57143, 0
4152, 1.57143, 0
4153, 1.57143, 0
4154, 1.57143, 0
4155, 1.57143, 0
4156, 1.57143, 0
4157, 1.57143, 0
4158, 1.57143, 0
4159, 1.57143, 0
4160, 1.57143, 0
4161, 1.57143, 0
4162, 1.57143, 0
4163, 1.57143, 0
4164, 1.57143, 0
4165, 1.57143, 0
4166, 1.57143, 0
4167, 1.57143, 0
4168, 1.57143, 0
4169, 1.57143, 0
4170, 1.57143, 0
4171, 1.57143, 0
4172, 1.57143, 0
4173, 1.57143, 0
4174, 1.57143, 0
4175, 1.57143, 0
4176, 1.57143, 0
4177, 1.57143, 0
4178, 1.57143, 0
4179, 1.57143, 0
4180, 1.57143, 0
4181, 1.57143, 0
4182, 1.57143, 0
4183, 1.57143, 0
4184, 1.57143, 0
4185, 1.57143, 0
4186, 1.57143, 0
4187, 1.57143, 0
4188, 1.57143, 0
4189, 1.57143, 0
4190, 1.57143, 0
4191, 1.57143, 0
4192, 1.57143, 0
4193, 1.57143, 0
4194, 1.57143, 0
4195, 1.57143, 0
4196, 1.57143, 0
4197, 1.57143, 0
4198, 1.57143, 0
4199, 1.57143, 0
4200, 1.57143, 0
4201, 0.857143, 0
4202, 0.857143, 0
4203, 0.857143, 0
4204, 0.857143, 0
4205, 0.857143, 0
4206, 0.857143, 0
4207, 0.857143, 0
4208, 0.857143, 0
4209, 0.857143, 0
4210, 0.857143, 0
4211, 0.857143, 0
4212, 0.857143, 0
4213, 0.857143, 0
4214, 0.857143, 0
4215, 0.857143, 0
4216, 0.857143, 0
4217, 0.857143, 0
4218, 0.857143, 0
4219, 0.857143, 0
4220, 0.857143, 0
4221, 0.857143, 0
4222, 0.857143, 0
4223, 0.857143, 0
4224, 0.857143, 0
4225, 0.857143, 0
4226, 0.857143, 0
4227, 0.857143, 0
4228, 0.857143, 0
4229, 0.857143, 0
4230, 0.857143, 0
4231, 0.857143, 0
4232, 0.857143, 0
4233, 0.857143, 0
4234, 0.857143, 0
4235, 0.857143, 0
4236, 0.857143, 0
4237, 0.857143, 0
4238, 0.857143, 0
4239, 0.857143, 0
4240, 0.857143, 0
4241, 0.857143, 0
4242, 0.857143, 0
4243, 0.857143, 0
4244, 0.857143, 0
4245, 0.857143, 0
4246, 0.857143, 0
4247, 0.857143, 0
4248, 0.857143, 0
4249, 0.857143, 0
4250, 0.857143, 0
4251, 0.857143, 0
4252, 0.857143, 0
4253, 0.857143, 0
4254, 0.857143, 0
4255, 0.857143, 0
4256, 0.857143, 0
4257, 0.857143, 0
4258, 0.857143, 0
4259, 0.857143, 0
4260, 0.857143, 0
4261, 0.857143, 0
4262, 0.857143, 0
4263, 0.857143, 0
4264, 0.857143, 0
4265, 0.857143, 0
4266, 0.857143, 0
4267, 0.857143, 0
4268, 0.857143, 0
4269, 0.857143, 0
4270, 0.857143, 0
4271, 0.857143, 0
4272, 0.857143, 0
4273, 0.857143, 0
4274, 0.857143, 0
4275, 0.857143, 0
4276, 0.857143, 0
4277, 0.857143, 0
4278, 0.857143, 0
4279, 0.857143, 0
4280, 0.857143, 0
4281, 0.857143, 0
4282, 0.857143, 0
4283, 0.857143, 0
4284, 0.857143, 0
4285, 0.857143, 0
4286, 0.857143, 0
4287, 0.857143, 0
4288, 0.857143, 0
4289, 0.857143, 0
4290, 0.857143, 0
4291, 0.857143, 0
4292, 0.857143, 0
4293, 0.857143, 0
4294, 0.857143, 0
4295, 0.857143, 0
4296, 0.857143, 0
4297, 0.857143, 0
4298, 0.857143, 0
4299, 0.857143, 0
4300, 0.857143, 0
4301, 0.857143, 0
4302, 0.857143, 0
4303, 0.857143, 0
4304, 0.857143, 0
4305, 0.857143, 0
4306, 0.857143, 0
4307, 0.857143, 0
4308, 0.857143, 0
4309, 0.857143, 0
4310, 0.857143, 0
4311, 0.857143, 0
4312, 0.857143, 0
4313, 0.857143, 0
4314, 0.857143, 0
4315, 0.857143, 0
4316, 0.857143, 0
4317, 0.857143, 0
4318, 0.857143, 0
4319, 0.857143, 0
4320, 0.857143, 0
4321, 0.857143, 0
4322, 0.857143, 0
4323, 0.857143, 0
4324, 0.857143, 0
4325, 0.857143, 0
4326, 0.857143, 0
4327, 0.857143, 0
4328, 0.857143, 0
4329, 0.857143, 0
4330, 0.857143, 0
4331, 0.857143, 0
4332, 0.857143, 0
4333, 0.857143, 0
4334, 0.857143, 0
4335, 0.857143, 0
4336, 0.857143, 0
4337, 0.857143, 0
4338, 0.857143, 0
4339, 0.857143, 0
4340, 0.857143, 0
4341, 0.857143, 0
4342, 0.857143, 0
4343, 0.857143, 0
4344, 0.857143, 0
4345, 0.857143, 0
4346, 0.857143, 0
4347, 0.857143, 0
4348, 0.857143, 0
4349, 0.857143, 0
4350, 0.857143, 0
4351, 0.857143, 0
4352, 0.857143, 0
4353, 0.857143, 0
4354, 0.857143, 0
4355, 0.857143, 0
4356, 0.857143, 0
4357, 0.857143, 0
4358, 0.857143, 0
4359, 0.857143, 0
4360, 0.857143, 0
4361, 0.857143, 0
4362, 0.857143, 0
4363, 0.857143, 0
4364, 0.857143, 0
4365, 0.857143, 0
4366, 0.857143, 0
4367, 0.857143, 0
4368, 0.857143, 0
4369, 0.857143, 0
4370, 0.857143, 0
4371, 0.857143, 0
4372, 0.857143, 0
4373, 0.857143, 0
4374, 0.857143, 0
4375, 0.857143, 0
4376, 0.857143, 0
4377, 0.857143, 0
4378, 0.857143, 0
4379, 0.857143, 0
4380, 0.857143, 0
4381, 0.857143, 0
4382, 0.857143, 0
4383, 0.857143, 0
4384, 0.857143, 0
4385, 0.857143, 0
4386, 0.857143, 0
4387, 0.857143, 0
4388, 0.857143, 0
4389, 0.857143, 0
4390, 0.857143, 0
4391, 0.857143, 0
4392, 0.857143, 0
4393, 0.857143, 0
4394, 0.857143, 0
4395, 0.857143, 0
4396, 0.857143, 0
4397, 0.857143, 0
4398, 0.857143, 0
4399, 0.857143, 0
4400, 0.857143, 0
4401, 0.857143, 0
4402, 0.857143, 0
4403, 0.857143, 0
4404, 0.857143, 0
4405, 0.857143, 0
4406, 0.857143, 0
4407, 0.857143, 0
4408, 0.857143, 0
4409, 0.857143, 0
4410, 0.857143, 0
4411, 0.857143, 0
4412, 0.857143, 0
4413, 0.857143, 0
4414, 0.857143, 0
4415, 0.857143, 0
4416, 0.857143, 0
4417, 0.857143, 0
4418, 0.857143, 0
4419, 0.857143, 0
4420, 0.857143, 0
4421, 0.857143, 0
4422, 0.857143, 0
4423, 0.857143, 0
4424, 0.857143, 0
4425, 0.857143, 0
4426, 0.857143, 0
4427, 0.857143, 0
4428, 0.857143, 0
4429, 0.857143, 0
4430, 0.857143, 0
4431, 0.857143, 0
4432, 0.857143, 0
4433, 0.857143, 0
4434, 0.857143, 0
4435, 0.857143, 0
4436, 0.857143, 0
4437, 0.857143, 0
4438, 0.857143, 0
4439, 0.857143, 0
4440, 0.857143, 0
4441, 0.857143, 0
4442, 0.857143, 0
4443, 0.857143, 0
4444, 0.857143, 0
4445, 0.857143, 0
4446, 0.857143, 0
4447, 0.857143, 0
4448, 0.857143, 0
4449, 0.857143, 0
4450, 0.857143, 0
4451, 0.857143, 0
4452, 0.857143, 0
4453, 0.857143, 0
4454, 0.857143, 0
4455, 0.857143, 0
4456, 0.857143, 0
4457, 0.857143, 0
4458, 0.857143, 0
4459, 0.857143, 0
4460, 0.857143, 0
4461, 0.857143, 0
4462, 0.857143, 0
4463, 0.857143, 0
4464, 0.857143, 0
4465, 0.857143, 0
4466, 0.857143, 0
4467, 0.857143, 0
4468, 0.857143, 0
4469, 0.857143, 0
4470, 0.857143, 0
4471, 0.857143, 0
4472, 0.857143, 0
4473, 0.857143, 0
4474, 0.857143, 0
4475, 0.857143, 0
4476, 0.857143, 0
4477, 0.857143, 0
4478, 0.857143, 0
4479, 0.857143, 0
4480, 0.857143, 0
4481, 0.857143, 0
4482, 0.857143, 0
4483, 0.857143, 0
4484, 0.857143, 0
4485, 0.857143, 0
4486, 0.857143, 0
4487, 0.857143, 0
4488, 0.857143, 0
4489, 0.857143, 0
4490, 0.857143, 0
4491, 0.857143, 0
4492, 0.857143, 0
4493, 0.857143, 0
4494, 0.857143, 0
4495, 0.857143, 0
4496, 0.857143, 0
4497, 0.857143, 0
4498, 0.857143, 0
4499, 0.857143, 0
4500, 0.857143, 0
4501, 0.857143, 0
4502, 0.857143, 0
4503, 0.857143, 0
4504, 0.857143, 0
4505, 0.857143, 0
4506, 0.857143, 0
4507, 0.857143, 0
4508, 0.857143, 0
4509, 0.857143, 0
4510, 0.857143, 0
4511, 0.857143, 0
4512, 0.857143, 0
4513, 0.857143, 0
4514, 0.857143, 0
4515, 0.857143, 0
4516, 0.857143, 0
4517, 0.857143, 0
4518, 0.857143, 0
4519, 0.857143, 0
4520, 0.857143, 0
4521, 0.857143, 0
4522, 0.857143, 0
4523, 0.857143, 0
4524, 0.857143, 0
4525, 0.857143, 0
4526, 0.857143, 0
4527, 0.857143, 0
4528, 0.857143, 0
4529, 0.857143, 0
4530, 0.857143, 0
4531, 0.857143, 0
4532, 0.857143, 0
4533, 0.857143, 0
4534, 0.857143, 0
4535, 0.857143, 0
4536, 0.857143, 0
4537, 0.857143, 0
4538, 0.857143, 0
4539, 0.857143, 0
4540, 0.857143, 0
4541, 0.857143, 0
4542, 0.857143, 0
4543, 0.857143, 0
4544, 0.857143, 0
4545, 0.857143, 0
4546, 0.857143, 0
4547, 0.857143, 0
4548, 0.857143, 0
4549, 0.857143, 0
4550, 0.857143, 0
4551, 0.857143, 0
4552, 0.857143, 0
4553, 0.857143, 0
4554, 0.857143, 0
4555, 0.857143, 0
4556, 0.857143, 0
4557, 0.857143, 0
4558, 0.857143, 0
4559, 0.857143, 0
4560, 0.857143, 0
4561, 0.857143, 0
4562, 0.857143, 0
4563, 0.857143, 0
4564, 0.857143, 0
4565, 0.857143, 0
4566, 0.857143, 0
4567, 0.857143, 0
4568, 0.857143, 0
4569, 0.857143, 0
4570, 0.857143, 0
4571, 0.857143, 0
4572, 0.857143, 0
4573, 0.857143, 0
4574, 0.857143, 0
4575, 0.857143, 0
4576, 0.857143, 0
4577, 0.857143, 0
4578, 0.857143, 0
4579, 0.857143, 0
4580, 0.857143, 0
4581, 0.857143, 0
4582, 0.857143, 0
4583, 0.857143, 0
4584, 0.857143, 0
4585, 0.857143, 0
4586, 0.857143, 0
4587, 0.857143, 0
4588, 0.857143, 0
4589, 0.857143, 0
4590, 0.857143, 0
4591, 0.857143, 0
4592, 0.857143, 0
4593, 0.857143, 0
4594, 0.857143, 0
4595, 0.857143, 0
4596, 0.857143, 0
4597, 0.857143, 0
4598, 0.857143, 0
4599, 0.857143, 0
4600, 0.857143, 0
4601, 0.857143, 0
4602, 0.857143, 0
4603, 0.857143, 0
4604, 0.857143, 0
4605, 0.857143, 0
4606, 0.857143, 0
4607, 0.857143, 0
4608, 0.857143, 0
4609, 0.857143, 0
4610, 0.857143, 0
4611, 0.857143, 0
4612, 0.857143, 0
4613, 0.857143, 0
4614, 0.857143, 0
4615, 0.857143, 0
4616, 0.857143, 0
4617, 0.857143, 0
4618, 0.857143, 0
4619, 0.857143, 0
4620, 0.857143, 0
4621, 0.857143, 0
4622, 0.857143, 0
4623, 0.857143, 0
4624, 0.857143, 0
4625, 0.857143, 0
4626, 0.857143, 0
4627, 0.857143, 0
4628, 0.857143, 0
4629, 0.857143, 0
4630, 0.857143, 0
4631, 0.857143, 0
4632, 0.857143, 0
4633, 0.857143, 0
4634, 0.857143, 0
4635, 0.857143, 0
4636, 0.857143, 0
4637, 0.857143, 0
4638, 0.857143, 0
4639, 0.857143, 0
4640, 0.857143, 0
4641, 0.857143, 0
4642, 0.857143, 0
4643, 0.857143, 0
4644, 0.857143, 0
4645, 0.857143, 0
4646, 0.857143, 0
4647, 0.857143, 0
4648, 0.857143, 0
4649, 0.857143, 0
4650, 0.857143, 0
4651, 0.857143, 0
4652, 0.857143, 0
4653, 0.857143, 0
4654, 0.857143, 0
4655, 0.857143, 0
4656, 0.857143, 0
4657, 0.857143, 0
4658, 0.857143, 0
4659, 0.857143, 0
4660, 0.857143, 0
4661, 0.857143, 0
4662, 0.857143, 0
4663, 0.857143, 0
4664, 0.857143, 0
4665, 0.857143, 0
4666, 0.857143, 0
4667, 0.857143, 0
4668, 0.857143, 0
4669, 0.857143, 0
4670, 0.857143, 0
4671, 0.857143, 0
4672, 0.857143, 0
4673, 0.857143, 0
4674, 0.857143, 0
4675, 0.857143, 0
4676, 0.857143, 0
4677, 0.857143, 0
4678, 0.857143, 0
4679, 0.857143, 0
4680, 0.857143, 0
4681, 0.857143, 0
4682, 0.857143, 0
4683, 0.857143, 0
4684, 0.857143, 0
4685, 0.857143, 0
4686, 0.857143, 0
4687, 0.857143, 0
4688, 0.857143, 0
4689, 0.857143, 0
4690, 0.857143, 0
4691, 0.857143, 0
4692, 0.857143, 0
4693, 0.857143, 0
4694, 0.857143, 0
4695, 0.857143, 0
4696, 0.857143, 0
4697, 0.857143, 0
4698, 0.857143, 0
4699, 0.857143, 0
4700, 0.857143, 0
4701, 0.857143, 0
4702, 0.857143, 0
4703, 0.857143, 0
4704, 0.857143, 0
4705, 0.857143, 0
4706, 0.857143, 0
4707, 0.857143, 0
4708, 0.857143, 0
4709, 0.857143, 0
4710, 0.857143, 0
4711, 0.857143, 0
4712, 0.857143, 0
4713, 0.857143, 0
4714, 0.857143, 0
4715, 0.857143, 0
4716, 0.857143, 0
4717, 0.857143, 0
4718, 0.857143, 0
4719, 0.857143, 0
4720, 0.857143, 0
4721, 0.857143, 0
4722, 0.857143, 0
4723, 0.857143, 0
4724, 0.857143, 0
4725, 0.857143, 0
4726, 0.857143, 0
4727, 0.857143, 0
4728, 0.857143, 0
4729, 0.857143, 0
4730, 0.857143, 0
4731, 0.857143, 0
4732, 0.857143, 0
4733, 0.857143, 0
4734, 0.857143, 0
4735, 0.857143, 0
4736, 0.857143, 0
4737, 0.857143, 0
4738, 0.857143, 0
4739, 0.857143, 0
4740, 0.857143, 0
4741, 0.857143, 0
4742, 0.857143, 0
4743, 0.857143, 0
4744, 0.857143, 0
4745, 0.857143, 0
4746, 0.857143, 0
4747, 0.857143, 0
4748, 0.857143, 0
4749, 0.857143, 0
4750, 0.857143, 0
4751, 0.857143, 0
4752, 0.857143, 0
4753, 0.857143, 0
4754, 0.857143, 0
4755, 0.857143, 0
4756, 0.857143, 0
4757, 0.857143, 0
4758, 0.857143, 0
4759, 0.857143, 0
4760, 0.857143, 0
4761, 0.857143, 0
4762, 0.857143, 0
4763, 0.857143, 0
4764, 0.857143, 0
4765, 0.857143, 0
4766, 0.857143, 0
4767, 0.857143, 0
4768, 0.857143, 0
4769, 0.857143, 0
4770, 0.857143, 0
4771, 0.857143, 0
4772, 0.857143, 0
4773, 0.857143, 0
4774, 0.857143, 0
4775, 0.857143, 0
4776, 0.857143, 0
4777, 0.857143, 0
4778, 0.857143, 0
4779, 0.857143, 0
4780, 0.857143, 0
4781, 0.857143, 0
4782, 0.857143, 0
4783, 0.857143, 0
4784, 0.857143, 0
4785, 0.857143, 0
4786, 0.857143, 0
4787, 0.857143, 0
4788, 0.857143, 0
4789, 0.857143, 0
4790, 0.857143, 0
4791, 0.857143, 0
4792, 0.857143, 0
4793, 0.857143, 0
4794, 0.857143, 0
4795, 0.857143, 0
4796, 0.857143, 0
4797, 0.857143, 0
4798, 0.857143, 0
4799, 0.857143, 0
4800, 0.857143, 0
4801, 0, 0
4802, 0, 0
4803, 0, 0
4804, 0, 0
4805, 0, 0
4806, 0, 0
4807, 0, 0
4808, 0, 0
4809, 0, 0
4810, 0, 0
4811, 0, 0
4812, 0, 0
4813, 0, 0
4814, 0, 0
4815, 0, 0
4816, 0, 0
4817, 0, 0
4818, 0, 0
4819, 0, 0
4820, 0, 0
4821, 0, 0
4822, 0, 0
4823, 0, 0
4824, 0, 0
4825, 0, 0
4826, 0, 0
4827, 0, 0
4828, 0, 0
4829, 0, 0
4830, 0, 0
4831, 0, 0
4832, 0, 0
4833, 0, 0
4834, 0, 0
4835, 0, 0
4836, 0, 0
4837, 0, 0
4838, 0, 0
4839, 0, 0
4840, 0, 0
4841, 0, 0
4842, 0, 0
4843, 0, 0
4844, 0, 0
4845, 0, 0
4846, 0, 0
4847, 0, 0
4848, 0, 0
4849, 0, 0
4850, 0, 0
4851, 0, 0
4852, 0, 0
4853, 0, 0
4854, 0, 0
4855, 0, 0
4856, 0, 0
4857, 0, 0
4858, 0, 0
4859, 0, 0
4860, 0, 0
4861, 0, 0
4862, 0, 0
4863, 0, 0
4864, 0, 0
4865, 0, 0
4866, 0, 0
4867, 0, 0
4868, 0, 0
4869, 0, 0
4870, 0, 0
4871, 0, 0
4872, 0, 0
4873, 0, 0
4874, 0, 0
4875, 0, 0
4876, 0, 0
4877, 0, 0
4878, 0, 0
4879, 0, 0
4880, 0, 0
4881, 0, 0
4882, 0, 0
4883, 0, 0
4884, 0, 0
4885, 0, 0
4886, 0, 0
4887, 0, 0
4888, 0, 0
4889, 0, 0
4890, 0, 0
4891, 0, 0
4892, 0, 0
4893, 0, 0
4894, 0, 0
4895, 0, 0
4896, 0, 0
4897, 0, 0
4898, 0, 0
4899, 0, 0
4900, 0, 0
4901, 0, 0
4902, 0, 0
4903, 0, 0
4904, 0, 0
4905, 0, 0
4906, 0, 0
4907, 0, 0
4908, 0, 0
4909, 0, 0
4910, 0, 0
4911, 0, 0
4912, 0, 0
4913, 0, 0
4914, 0, 0
4915, 0, 0
4916, 0, 0
4917, 0, 0
4918, 0, 0
4919, 0, 0
4920, 0, 0
4921, 0, 0
4922, 0, 0
4923, 0, 0
4924, 0, 0
4925, 0, 0
4926, 0, 0
4927, 0, 0
4928, 0, 0
4929, 0, 0
4930, 0, 0
4931, 0, 0
4932, 0, 0
4933, 0, 0
4934, 0, 0
4935, 0, 0
4936, 0, 0
4937, 0, 0
4938, 0, 0
4939, 0, 0
4940, 0, 0
4941, 0, 0
4942, 0, 0
4943, 0, 0
4944, 0, 0
4945, 0, 0
4946, 0, 0
4947, 0, 0
4948, 0, 0
4949, 0, 0
4950, 0, 0
4951, 0, 0
4952, 0, 0
4953, 0, 0
4954, 0, 0
4955, 0, 0
4956, 0, 0
4957, 0, 0
4958, 0, 0
4959, 0, 0
4960, 0, 0
4961, 0, 0
4962, 0, 0
4963, 0, 0
4964, 0, 0
4965, 0, 0
4966, 0, 0
4967, 0, 0
4968, 0, 0
4969, 0, 0
4970, 0, 0
4971, 0, 0
4972, 0, 0
4973, 0, 0
4974, 0, 0
4975, 0, 0
4976, 0, 0
4977, 0, 0
4978, 0, 0
4979, 0, 0
4980, 0, 0
4981, 0, 0
4982, 0, 0
4983, 0, 0
4984, 0, 0
4985, 0, 0
4986, 0, 0
4987, 0, 0
4988, 0, 0
4989, 0, 0
4990, 0, 0
4991, 0, 0
4992, 0, 0
4993, 0, 0
4994, 0, 0
4995, 0, 0
4996, 0, 0
4997, 0, 0
4998, 0, 0
4999, 0, 0
5000, 0, 0
5001, 0, 0
5002, 0, 0
5003, 0, 0
5004, 0, 0
5005, 0, 0
5006, 0, 0
5007, 0, 0
5008, 0, 0
5009, 0, 0
5010, 0, 0
5011, 0, 0
5012, 0, 0
5013, 0, 0
5014, 0, 0
5015, 0, 0
5016, 0, 0
5017, 0, 0
5018, 0, 0
5019, 0, 0
5020, 0, 0
5021, 0, 0
5022, 0, 0
5023, 0, 0
5024, 0, 0
5025, 0, 0
5026, 0, 0
5027, 0, 0
5028, 0, 0
5029, 0, 0
5030, 0, 0
5031, 0, 0
5032, 0, 0
5033, 0, 0
5034, 0, 0
5035, 0, 0
5036, 0, 0
5037, 0, 0
5038, 0, 0
5039, 0, 0
5040, 0, 0
5041, 0, 0
5042, 0, 0
5043, 0, 0
5044, 0, 0
5045, 0, 0
5046, 0, 0
5047, 0, 0
5048, 0, 0
5049, 0, 0
5050, 0, 0
5051, 0, 0
5052, 0, 0
5053, 0, 0
5054, 0, 0
5055, 0, 0
5056, 0, 0
5057, 0, 0
5058, 0, 0
5059, 0, 0
5060, 0, 0
5061, 0, 0
5062, 0, 0
5063, 0, 0
5064, 0, 0
5065, 0, 0
5066, 0, 0
5067, 0, 0
5068, 0, 0
5069, 0, 0
5070, 0, 0
5071, 0, 0
5072, 0, 0
5073, 0, 0
5074, 0, 0
5075, 0, 0
5076, 0, 0
5077, 0, 0
5078, 0, 0
5079, 0, 0
5080, 0, 0
5081, 0, 0
5082, 0, 0
5083, 0, 0
5084, 0, 0
5085, 0, 0
5086, 0, 0
5087, 0, 0
5088, 0, 0
5089, 0, 0
5090, 0, 0
5091, 0, 0
5092, 0, 0
5093, 0, 0
5094, 0, 0
5095, 0, 0
5096, 0, 0
5097, 0, 0
5098, 0, 0
5099, 0, 0
5100, 0, 0
5101, 0, 0
5102, 0, 0
5103, 0, 0
5104, 0, 0
5105, 0, 0
5106, 0, 0
5107, 0, 0
5108, 0, 0
5109, 0, 0
5110, 0, 0
5111, 0, 0
5112, 0, 0
5113, 0, 0
5114, 0, 0
5115, 0, 0
5116, 0, 0
5117, 0, 0
5118, 0, 0
5119, 0, 0
5120, 0, 0
5121, 0, 0
5122, 0, 0
5123, 0, 0
5124, 0, 0
5125, 0, 0
5126, 0, 0
5127, 0, 0
5128, 0, 0
5129, 0, 0
5130, 0, 0
5131, 0, 0
5132, 0, 0
5133, 0, 0
5134, 0, 0
5135, 0, 0
5136, 0, 0
5137, 0, 0
5138, 0, 0
5139, 0, 0
5140, 0, 0
5141, 0, 0
5142, 0, 0
5143, 0, 0
5144, 0, 0
5145, 0, 0
5146, 0, 0
5147, 0, 0
5148, 0, 0
5149, 0, 0
5150, 0, 0
5151, 0, 0
5152, 0, 0
5153, 0, 0
5154, 0, 0
5155, 0, 0
5156, 0, 0
5157, 0, 0
5158, 0, 0
5159, 0, 0
5160, 0, 0
5161, 0, 0
5162, 0, 0
5163, 0, 0
5164, 0, 0
5165, 0, 0
5166, 0, 0
5167, 0, 0
5168, 0, 0
5169, 0, 0
5170, 0, 0
5171, 0, 0
5172, 0, 0
5173, 0, 0
5174, 0, 0
5175, 0, 0
5176, 0, 0
5177, 0, 0
5178, 0, 0
5179, 0, 0
5180, 0, 0
5181, 0, 0
5182, 0, 0
5183, 0, 0
5184, 0, 0
5185, 0, 0
5186, 0, 0
5187, 0, 0
5188, 0, 0
5189, 0, 0
5190, 0, 0
5191, 0, 0
5192, 0, 0
5193, 0, 0
5194, 0, 0
5195, 0, 0
5196, 0, 0
5197, 0, 0
5198, 0, 0
5199, 0, 0
5200, 0, 0
5201, 0, 0
5202, 0, 0
5203, 0, 0
5204, 0, 0
5205, 0, 0
5206, 0, 0
5207, 0, 0
5208, 0, 0
5209, 0, 0
5210, 0, 0
5211, 0, 0
5212, 0, 0
5213, 0, 0
5214, 0, 0
5215, 0, 0
5216, 0, 0
5217, 0, 0
5218, 0, 0
5219, 0, 0
5220, 0, 0
5221, 0, 0
5222, 0, 0
5223, 0, 0
5224, 0, 0
5225, 0, 0
5226, 0, 0
5227, 0, 0
5228, 0, 0
5229, 0, 0
5230, 0, 0
5231, 0, 0
5232, 0, 0
5233, 0, 0
5234, 0, 0
5235, 0, 0
5236, 0, 0
5237, 0, 0
5238, 0, 0
5239, 0, 0
5240, 0, 0
5241, 0, 0
5242, 0, 0
5243, 0, 0
5244, 0, 0
5245, 0, 0
5246, 0, 0
5247, 0, 0
5248, 0, 0
5249, 0, 0
5250, 0, 0
5251, 0, 0
5252, 0, 0
5253, 0, 0
5254, 0, 0
5255, 0, 0
5256, 0, 0
5257, 0, 0
5258, 0, 0
5259, 0, 0
5260, 0, 0
5261, 0, 0
5262, 0, 0
5263, 0, 0
5264, 0, 0
5265, 0, 0
5266, 0, 0
5267, 0, 0
5268, 0, 0
5269, 0, 0
5270, 0, 0
5271, 0, 0
5272, 0, 0
5273, 0, 0
5274, 0, 0
5275, 0, 0
5276, 0, 0
5277, 0, 0
5278, 0, 0
5279, 0, 0
5280, 0, 0
5281, 0, 0
5282, 0, 0
5283, 0, 0
5284, 0, 0
5285, 0, 0
5286, 0, 0
5287, 0, 0
5288, 0, 0
5289, 0, 0
5290, 0, 0
5291, 0, 0
5292, 0, 0
5293, 0, 0
5294, 0, 0
5295, 0, 0
5296, 0, 0
5297, 0, 0
5298, 0, 0
5299, 0, 0
5300, 0, 0
5301, 0, 0
5302, 0, 0
5303, 0, 0
5304, 0, 0
5305, 0, 0
5306, 0, 0
5307, 0, 0
5308, 0, 0
5309, 0, 0
5310, 0, 0
5311, 0, 0
5312, 0, 0
5313, 0, 0
5314, 0, 0
5315, 0, 0
5316, 0, 0
5317, 0, 0
5318, 0, 0
5319, 0, 0
5320, 0, 0
5321, 0, 0
5322, 0, 0
5323, 0, 0
5324, 0, 0
5325, 0, 0
5326, 0, 0
5327, 0, 0
5328, 0, 0
5329, 0, 0
5330, 0, 0
5331, 0, 0
5332, 0, 0
5333, 0, 0
5334, 0, 0
5335, 0, 0
5336, 0, 0
5337, 0, 0
5338, 0, 0
5339, 0, 0
5340, 0, 0
5341, 0, 0
5342, 0, 0
5343, 0, 0
5344, 0, 0
5345, 0, 0
5346, 0, 0
5347, 0, 0
5348, 0, 0
5349, 0, 0
5350, 0, 0
5351, 0, 0
5352, 0, 0
5353, 0, 0
5354, 0, 0
5355, 0, 0
5356, 0, 0
5357, 0, 0
5358, 0, 0
5359, 0, 0
5360, 0, 0
5361, 0, 0
5362, 0, 0
5363, 0, 0
5364, 0, 0
5365, 0, 0
5366, 0, 0
5367, 0, 0
5368, 0, 0
5369, 0, 0
5370, 0, 0
5371, 0, 0
5372, 0, 0
5373, 0, 0
5374, 0, 0
5375, 0, 0
5376, 0, 0
5377, 0, 0
5378, 0, 0
5379, 0, 0
5380, 0, 0
5381, 0, 0
5382, 0, 0
5383, 0, 0
5384, 0, 0
5385, 0, 0
5386, 0, 0
5387, 0, 0
5388, 0, 0
5389, 0, 0
5390, 0, 0
5391, 0, 0
5392, 0, 0
5393, 0, 0
5394, 0, 0
5395, 0, 0
5396, 0, 0
5397, 0, 0
5398, 0, 0
5399, 0, 0
5400, 0, 0
5401, 0.714286, 0
5402, 0.714286, 0
5403, 0.714286, 0
5404, 0.714286, 0
5405, 0.714286, 0
5406, 0.714286, 0
5407, 0.714286, 0
5408, 0.714286, 0
5409, 0.714286, 0
5410, 0.714286, 0
5411, 0.714286, 0
5412, 0.714286, 0
5413, 0.714286, 0
5414, 0.714286, 0
5415, 0.714286, 0
5416, 0.714286, 0
5417, 0.714286, 0
5418, 0.714286, 0
5419, 0.714286, 0
5420, 0.714286, 0
5421, 0.714286, 0
5422, 0.714286, 0
5423, 0.714286, 0
5424, 0.714286, 0
5425, 0.714286, 0
5426, 0.714286, 0
5427, 0.714286, 0
5428, 0.714286, 0
5429, 0.714286, 0
5430, 0.714286, 0
5431, 0.714286, 0
5432, 0.714286, 0
5433, 0.714286, 0
5434, 0.714286, 0
5435, 0.714286, 0
5436, 0.714286, 0
5437, 0.714286, 0
5438, 0.714286, 0
5439, 0.714286, 0
5440, 0.714286, 0
5441, 0.714286, 0
5442, 0.714286, 0
5443, 0.714286, 0
5444, 0.714286, 0
5445, 0.714286, 0
5446, 0.714286, 0
5447, 0.714286, 0
5448, 0.714286, 0
5449, 0.714286, 0
5450, 0.714286, 0
5451, 0.714286, 0
5452, 0.714286, 0
5453, 0.714286, 0
5454, 0.714286, 0
5455, 0.714286, 0
5456, 0.714286, 0
5457, 0.714286, 0
5458, 0.714286, 0
5459, 0.714286, 0
5460, 0.714286, 0
5461, 0.714286, 0
5462, 0.714286, 0
5463, 0.714286, 0
5464, 0.714286, 0
5465, 0.714286, 0
5466, 0.714286, 0
5467, 0.714286, 0
5468, 0.714286, 0
5469, 0.714286, 0
5470, 0.714286, 0
5471, 0.714286, 0
5472, 0.714286, 0
5473, 0.714286, 0
5474, 0.714286, 0
5475, 0.714286, 0
5476, 0.714286, 0
5477, 0.714286, 0
5478, 0.714286, 0
5479, 0.714286, 0
5480, 0.714286, 0
5481, 0.714286, 0
5482, 0.714286, 0
5483, 0.714286, 0
5484, 0.714286, 0
5485, 0.714286, 0
5486, 0.714286, 0
5487, 0.714286, 0
5488, 0.714286, 0
5489, 0.714286, 0
5490, 0.714286, 0
5491, 0.714286, 0
5492, 0.714286, 0
5493, 0.714286, 0
5494, 0.714286, 0
5495, 0.714286, 0
5496, 0.714286, 0
5497, 0.714286, 0
5498, 0.714286, 0
5499, 0.714286, 0
5500, 0.714286, 0
5501, 0.714286, 0
5502, 0.714286, 0
5503, 0.714286, 0
5504, 0.714286, 0
5505, 0.714286, 0
5506, 0.714286, 0
5507, 0.714286, 0
5508, 0.714286, 0
5509, 0.714286, 0
5510, 0.714286, 0
5511, 0.714286, 0
5512, 0.714286, 0
5513, 0.714286, 0
5514, 0.714286, 0
5515, 0.714286, 0
5516, 0.714286, 0
5517, 0.714286, 0
5518, 0.714286, 0
5519, 0.714286, 0
5520, 0.714286, 0
5521, 0.714286, 0
5522, 0.714286, 0
5523, 0.714286, 0
5524, 0.714286, 0
5525, 0.714286, 0
5526, 0.714286, 0
5527, 0.714286, 0
5528, 0.714286, 0
5529, 0.714286, 0
5530, 0.714286, 0
5531, 0.714286, 0
5532, 0.714286, 0
5533, 0.714286, 0
5534, 0.714286, 0
5535, 0.714286, 0
5536, 0.714286, 0
5537, 0.714286, 0
5538, 0.714286, 0
5539, 0.714286, 0
5540, 0.714286, 0
5541, 0.714286, 0
5542, 0.714286, 0
5543, 0.714286, 0
5544, 0.714286, 0
5545, 0.714286, 0
5546, 0.714286, 0
5547, 0.714286, 0
5548, 0.714286, 0
5549, 0.714286, 0
5550, 0.714286, 0
5551, 0.714286, 0
5552, 0.714286, 0
5553, 0.714286, 0
5554, 0.714286, 0
5555, 0.714286, 0
5556, 0.714286, 0
5557, 0.714286, 0
5558, 0.714286, 0
5559, 0.714286, 0
5560, 0.714286, 0
5561, 0.714286, 0
5562, 0.714286, 0
5563, 0.714286, 0
5564, 0.714286, 0
5565, 0.714286, 0
5566, 0.714286, 0
5567, 0.714286, 0
5568, 0.714286, 0
5569, 0.714286, 0
5570, 0.714286, 0
5571, 0.714286, 0
5572, 0.714286, 0
5573, 0.714286, 0
5574, 0.714286, 0
5575, 0.714286, 0
5576, 0.714286, 0
5577, 0.714286, 0
5578, 0.714286, 0
5579, 0.714286, 0
5580, 0.714286, 0
5581, 0.714286, 0
5582, 0.714286, 0
5583, 0.714286, 0
5584, 0.714286, 0
5585, 0.714286, 0
5586, 0.714286, 0
5587, 0.714286, 0
5588, 0.714286, 0
5589, 0.714286, 0
5590, 0.714286, 0
5591, 0.714286, 0
5592, 0.714286, 0
5593, 0.714286, 0
5594, 0.714286, 0
5595, 0.714286, 0
5596, 0.714286, 0
5597, 0.714286, 0
5598, 0.714286, 0
5599, 0.714286, 0
5600, 0.714286, 0
5601, 0.714286, 0
5602, 0.714286, 0
5603, 0.714286, 0
5604, 0.714286, 0
5605, 0.714286, 0
5606, 0.714286, 0
5607, 0.714286, 0
5608, 0.714286, 0
5609, 0.714286, 0
5610, 0.714286, 0
5611, 0.714286, 0
5612, 0.714286, 0
5613, 0.714286, 0
5614, 0.714286, 0
5615, 0.714286, 0
5616, 0.714286, 0
5617, 0.714286, 0
5618, 0.714286, 0
5619, 0.714286, 0
5620, 0.714286, 0
5621, 0.714286, 0
5622, 0.714286, 0
5623, 0.714286, 0
5624, 0.714286, 0
5625, 0.714286, 0
5626, 0.714286, 0
5627, 0.714286, 0
5628, 0.714286, 0
5629, 0.714286, 0
5630, 0.714286, 0
5631, 0.714286, 0
5632, 0.714286, 0
5633, 0.714286, 0
5634, 0.714286, 0
5635, 0.714286, 0
5636, 0.714286, 0
5637, 0.714286, 0
5638, 0.714286, 0
5639, 0.714286, 0
5640, 0.714286, 0
5641, 0.714286, 0
5642, 0.714286, 0
5643, 0.714286, 0
5644, 0.714286, 0
5645, 0.714286, 0
5646, 0.714286, 0
5647, 0.714286, 0
5648, 0.714286, 0
5649, 0.714286, 0
5650, 0.714286, 0
5651, 0.714286, 0
5652, 0.714286, 0
5653, 0.714286, 0
5654, 0.714286, 0
5655, 0.714286, 0
5656, 0.714286, 0
5657, 0.714286, 0
5658, 0.714286, 0
5659, 0.714286, 0
5660, 0.714286, 0
5661, 0.714286, 0
5662, 0.714286, 0
5663, 0.714286, 0
5664, 0.714286, 0
5665, 0.714286, 0
5666, 0.714286, 0
5667, 0.714286, 0
5668, 0.714286, 0
5669, 0.714286, 0
5670, 0.714286, 0
5671, 0.714286, 0
5672, 0.714286, 0
5673, 0.714286, 0
5674, 0.714286, 0
5675, 0.714286, 0
5676, 0.714286, 0
5677, 0.714286, 0
5678, 0.714286, 0
5679, 0.714286, 0
5680, 0.714286, 0
5681, 0.714286, 0
5682, 0.714286, 0
5683, 0.714286, 0
5684, 0.714286, 0
5685, 0.714286, 0
5686, 0.714286, 0
5687, 0.714286, 0
5688, 0.714286, 0
5689, 0.714286, 0
5690, 0.714286, 0
5691, 0.714286, 0
5692, 0.714286, 0
5693, 0.714286, 0
5694, 0.714286, 0
5695, 0.714286, 0
5696, 0.714286, 0
5697, 0.714286, 0
5698, 0.714286, 0
5699, 0.714286, 0
5700, 0.714286, 0
5701, 0.714286, 0
5702, 0.714286, 0
5703, 0.714286, 0
5704, 0.714286, 0
5705, 0.714286, 0
5706, 0.714286, 0
5707, 0.714286, 0
5708, 0.714286, 0
5709, 0.714286, 0
5710, 0.714286, 0
5711, 0.714286, 0
5712, 0.714286, 0
5713, 0.714286, 0
5714, 0.714286, 0
5715, 0.714286, 0
5716, 0.714286, 0
5717, 0.714286, 0
5718, 0.714286, 0
5719, 0.714286, 0
5720, 0.714286, 0
5721, 0.714286, 0
5722, 0.714286, 0
5723, 0.714286, 0
5724, 0.714286, 0
5725, 0.714286, 0
5726, 0.714286, 0
5727, 0.714286, 0
5728, 0.714286, 0
5729, 0.714286, 0
5730, 0.714286, 0
5731, 0.714286, 0
5732, 0.714286, 0
5733, 0.714286, 0
5734, 0.714286, 0
5735, 0.714286, 0
5736, 0.714286, 0
